1) Михаил Кузнецов:  4 4 2 2 5 5 5 3 5 5 4 3 3 2 2 5 4 4 2 3 2 5 4 2 4 2 3 5 5 2 4 2 5 2 4 3 2 2 5 3 5 2 4 4 5 3 3 4 4 4 5 5 5 2 4 2 2 2 4 5 4 5 3 3 3 3 5 4 4 3 5 3 2 5 4 3 3 5 5 2
2) Екатерина Иванова:  2 3 4 2 5 2 4 5 5 3 4 5 2 5 4 2 4 5 4 4 5 3 5 2 5 5 3 2 2 3 2 3 4 4 2 5 5 3 2 5 2 3 4 3 2 5 3 2 5 3 4 4 3 5 4 4 2 5 3 5 3 3 4 5 4 2 4 4 2 4 5 3 5 4 3 3 3 5 2 5
3) Михаил Сидоров:  4 2 3 3 4 2 4 3 4 4 3 2 5 3 4 4 5 5 3 5 4 2 4 5 5 4 4 5 2 5 3 3 4 4 5 2 5 5 5 3 2 4 5 3 3 5 2 4 5 5 3 2 3 2 5 3 3 4 4 5 5 3 5 2 3 4 5 2 3 4 3 4 2 3 4 3 2 4 2 3
4) Мария Кузнецова:  3 4 5 5 3 5 3 3 2 3 4 4 5 2 2 5 5 5 4 5 2 3 2 2 4 2 3 5 2 3 5 3 2 5 3 2 4 4 3 5 3 3 5 2 5 3 5 3 4 2 5 4 5 5 2 3 3 2 4 3 2 4 3 2 3 4 4 4 4 4 5 5 3 4 5 2 5 4 5 2
5) Иван Петров:  3 4 2 2 2 5 3 4 4 4 2 2 5 2 4 5 2 5 5 5 2 5 3 2 3 4 3 2 2 4 3 3 5 4 4 3 4 4 4 2 2 5 4 3 2 4 2 4 3 4 2 2 2 4 2 2 4 4 4 4 3 5 2 5 2 4 5 3 5 4 5 5 4 2 4 4 2 5 2 5
6) Мария Кузнецова:  4 3 5 4 5 2 3 5 3 4 4 4 5 2 3 5 4 3 4 5 5 4 3 4 5 4 3 2 5 2 4 3 2 3 4 4 5 2 5 3 5 4 2 3 3 2 2 3 4 5 2 2 2 3 5 5 5 2 5 3 4 3 3 4 3 4 2 5 5 5 3 3 4 4 2 2 2 5 4 3
7) Сергей Петров:  3 2 2 3 2 3 5 3 4 5 5 4 4 5 5 5 4 2 2 5 4 3 2 3 4 2 3 2 2 4 3 5 4 5 2 4 2 5 5 3 5 3 4 5 5 4 2 3 2 2 5 4 2 3 4 5 4 4 5 3 5 4 4 3 5 2 5 2 4 4 4 2 5 3 4 2 2 2 2 4
8) Мария Иванова:  2 5 4 5 5 3 4 3 2 2 5 5 5 4 4 3 3 3 5 3 3 2 4 5 5 4 2 5 5 2 2 2 4 3 2 2 2 4 5 4 3 5 3 5 2 2 3 5 2 3 3 2 4 3 5 2 3 4 3 2 3 4 5 5 2 2 4 2 5 5 5 3 4 5 3 2 3 2 3 2
9) Сергей Иванов:  4 4 2 5 4 3 5 3 3 3 3 2 4 4 3 4 4 5 5 3 3 4 3 3 5 5 4 5 4 5 2 5 5 3 3 4 4 5 3 4 5 3 5 4 2 5 4 4 3 3 2 3 3 4 3 4 5 3 4 2 2 2 3 3 3 3 4 5 5 5 4 5 2 2 3 4 5 3 3 4
10) Елена Кузнецова:  4 3 4 5 3 4 5 2 4 4 4 5 5 2 5 5 2 5 2 2 5 2 4 4 5 4 2 3 3 2 4 5 5 3 5 2 3 3 4 5 3 3 5 5 5 5 5 3 2 4 5 4 3 5 3 2 4 5 2 2 5 2 5 5 3 3 3 3 4 5 5 2 5 4 2 5 3 2 4 5
11) Сергей Сидоров:  5 3 2 2 2 2 4 4 4 2 3 5 2 2 2 3 3 2 2 2 3 2 3 5 4 2 3 3 2 3 3 2 3 3 2 4 4 3 3 3 4 5 5 3 5 4 3 2 2 4 5 3 2 4 4 5 4 4 4 5 3 4 2 2 4 4 4 5 3 3 2 5 4 2 4 2 5 2 3 4
12) Юлия Петрова:  4 3 4 5 4 3 5 5 5 3 2 3 4 4 3 3 5 2 5 4 2 2 3 4 3 5 3 4 4 4 2 5 4 4 2 2 3 2 3 3 5 5 3 5 3 3 5 5 3 4 4 3 4 4 3 5 5 2 5 5 4 3 5 5 4 2 3 5 4 5 5 3 3 4 5 2 5 5 2 3
13) Михаил Петров:  2 2 3 3 3 4 3 5 5 3 2 5 2 5 3 3 2 5 4 4 2 4 5 5 4 3 5 2 2 3 3 4 2 5 2 4 5 5 5 4 3 3 4 3 2 3 2 2 3 2 2 2 4 3 5 4 5 2 3 2 5 5 3 5 2 5 3 4 5 3 5 3 5 3 5 5 4 5 5 5
14) Екатерина Иванова:  3 5 2 4 5 5 5 4 4 4 3 5 4 2 5 4 2 3 5 3 2 4 3 5 4 5 3 4 2 4 3 3 5 3 3 3 4 2 4 4 3 2 2 2 3 5 3 5 2 2 4 5 4 2 2 5 4 4 3 5 2 5 3 3 3 5 5 4 3 4 2 3 5 4 3 3 4 4 4 5
15) Сергей Кузнецов:  3 5 4 4 4 4 3 4 3 4 2 5 5 3 5 3 3 4 5 4 3 5 2 4 4 5 2 5 4 2 2 4 2 4 3 5 3 4 3 5 4 2 2 2 4 5 4 3 3 3 5 2 4 4 2 4 4 3 5 4 4 5 2 5 3 5 3 3 3 2 5 3 3 2 5 4 3 5 5 2
16) Мария Кузнецова:  5 4 4 4 2 4 5 2 5 5 2 3 5 5 3 5 3 4 5 2 4 2 3 3 4 4 2 5 2 5 2 2 4 5 4 4 2 4 5 3 3 4 3 4 5 2 3 4 5 3 2 5 4 5 2 2 3 4 4 3 4 2 5 3 4 2 5 4 4 3 3 5 3 3 4 5 2 4 4 3
17) Иван Петров:  5 2 5 4 4 3 5 4 3 4 2 5 3 3 5 2 3 2 2 5 3 2 3 4 2 5 2 5 2 5 5 3 3 3 3 2 2 4 3 4 4 2 4 3 3 5 2 4 5 2 3 3 5 5 4 3 2 2 5 3 5 4 4 4 2 3 5 3 4 5 3 3 3 4 5 5 4 4 3 2
18) Мария Сидорова:  4 3 4 2 4 3 5 3 2 3 5 4 3 5 3 3 2 2 2 3 3 2 3 2 4 3 3 2 4 2 3 4 5 4 2 5 5 4 2 2 5 4 4 4 5 4 4 4 3 3 4 2 4 5 5 4 5 2 3 4 3 2 3 4 5 4 3 4 2 3 3 4 3 4 3 2 4 4 5 3
19) Валентин Петров:  3 4 3 4 2 5 4 4 5 2 5 4 3 2 5 2 4 2 5 5 4 3 4 3 4 3 2 5 4 3 5 2 5 2 5 4 5 3 3 4 4 3 2 4 5 5 5 4 4 5 2 2 5 2 2 2 3 2 3 5 5 5 3 5 5 5 3 4 3 5 2 2 3 2 4 3 5 2 5 2
20) Екатерина Иванова:  2 5 3 3 4 2 5 3 3 4 2 5 5 3 4 3 4 4 4 5 2 5 2 2 5 5 3 4 3 2 3 2 4 5 3 3 3 3 4 4 4 4 3 2 3 5 5 4 2 3 3 3 4 3 2 2 5 2 5 2 4 5 4 2 3 3 5 5 5 4 4 2 5 5 3 5 2 4 2 3
21) Михаил Сидоров:  5 3 3 4 2 5 3 4 2 2 4 5 2 5 4 3 4 4 4 4 2 3 2 2 5 5 2 5 4 5 4 5 3 5 3 3 3 4 2 4 3 2 4 4 4 5 4 5 4 3 5 5 5 4 4 4 5 3 4 5 2 4 4 4 5 3 5 3 4 4 3 2 5 4 5 3 3 4 5 3
22) Мария Иванова:  4 3 5 2 3 2 2 3 5 5 5 3 5 2 2 5 4 3 2 3 5 2 4 5 4 2 3 5 2 4 4 3 2 4 2 5 3 5 3 2 4 4 3 5 5 2 4 5 2 2 2 4 4 2 4 3 3 2 3 3 5 3 2 3 5 4 2 3 5 5 5 3 4 3 2 2 4 3 4 2
23) Иван Петров:  5 4 2 2 4 2 5 5 2 5 2 5 2 3 4 4 5 2 4 4 3 2 4 4 3 3 2 4 3 5 5 5 4 3 3 4 4 5 4 5 2 4 4 5 4 3 4 2 2 3 4 4 4 2 3 4 3 3 2 5 5 3 4 3 3 4 2 2 5 4 5 2 5 5 5 4 4 5 5 3
24) Юлия Кузнецова:  5 5 3 5 4 4 4 3 5 4 2 4 5 3 2 2 5 4 4 2 3 4 5 4 4 3 5 3 5 4 2 4 4 4 2 2 2 3 3 4 2 2 4 3 5 3 2 5 4 3 2 5 5 5 4 5 2 5 3 3 3 2 2 5 2 3 4 2 2 3 4 5 2 3 4 2 4 5 5 4
25) Иван Петров:  2 4 3 5 2 2 2 5 5 4 5 5 2 5 3 2 5 5 3 4 5 5 3 2 3 4 3 2 5 4 2 2 2 5 4 5 3 3 2 4 2 2 2 3 3 3 4 2 3 2 3 3 5 3 5 3 4 2 3 4 2 5 2 3 5 4 5 2 4 4 5 5 2 5 5 2 4 4 2 5
26) Елена Кузнецова:  5 4 2 2 3 3 3 4 5 2 5 4 4 3 2 4 2 5 3 3 5 4 3 3 4 2 5 5 2 2 5 5 4 2 4 3 3 3 5 2 3 5 5 2 4 2 5 3 2 4 2 4 5 5 4 3 2 2 3 4 5 2 4 2 2 3 4 5 3 4 3 2 2 5 3 5 4 4 2 4
27) Сергей Кузнецов:  3 5 5 3 3 4 5 3 2 3 2 3 4 3 4 2 3 5 3 5 2 4 3 2 3 5 3 2 4 2 4 2 4 4 2 4 4 4 3 5 4 5 2 5 4 4 5 5 4 2 5 3 5 4 2 4 5 3 5 3 3 3 5 4 4 4 5 2 3 4 3 4 5 3 2 2 3 3 3 4
28) Юлия Сидорова:  2 5 4 2 5 5 3 2 3 3 2 3 2 2 5 2 3 4 5 4 5 2 5 5 4 2 2 3 5 5 4 4 4 2 4 4 2 3 2 3 4 4 4 5 5 2 4 2 5 2 3 4 2 5 4 4 4 5 2 3 2 2 2 3 5 4 2 4 4 4 4 5 4 4 4 2 3 2 3 3
29) Иван Петров:  3 4 2 2 4 5 2 2 2 3 3 5 2 5 5 3 3 3 4 2 5 3 5 2 2 3 3 5 4 2 4 4 3 4 5 3 5 5 3 4 3 5 3 5 2 3 4 3 4 5 3 4 5 2 5 4 5 2 5 2 3 5 4 5 2 3 2 3 5 5 2 5 3 2 3 2 3 2 5 5
30) Юлия Сидорова:  4 3 4 4 5 5 2 4 2 4 4 5 2 5 3 3 5 4 5 3 3 3 4 4 3 5 5 4 4 2 4 2 5 3 3 5 3 5 4 4 5 2 2 4 3 5 2 4 5 5 2 5 3 5 3 4 3 3 5 5 5 4 3 4 2 2 3 5 2 3 5 4 5 5 2 4 2 2 5 4
31) Сергей Иванов:  4 5 3 4 2 5 5 2 4 5 5 3 2 4 2 2 4 5 3 4 2 4 2 3 3 2 5 5 3 4 5 4 2 2 3 5 4 5 2 5 5 5 3 3 4 5 2 4 4 3 2 5 2 3 3 5 2 5 5 4 5 3 5 2 5 5 2 4 5 5 4 3 4 3 2 5 5 2 2 5
32) Екатерина Иванова:  3 2 5 5 2 2 3 5 4 5 4 4 3 2 4 3 4 2 5 3 4 4 5 2 3 3 5 4 2 5 5 2 5 4 4 2 4 3 4 4 2 3 2 4 3 3 5 3 5 5 5 2 4 3 3 5 5 4 2 3 5 5 5 3 2 3 4 4 5 3 5 4 4 5 5 4 3 4 4 4
33) Михаил Иванов:  3 4 4 2 5 4 4 4 2 4 5 3 5 4 3 5 2 5 4 2 3 5 5 4 4 2 3 4 4 4 5 2 2 3 4 2 2 3 3 2 3 2 2 4 5 5 3 4 3 3 5 2 5 5 3 5 3 3 4 5 5 3 4 2 4 5 2 2 3 2 3 3 3 5 2 3 5 4 3 5
34) Елена Иванова:  4 5 3 2 5 4 3 4 4 4 4 4 5 2 2 5 2 4 3 2 5 3 5 2 5 4 3 5 5 4 4 2 5 3 3 5 2 2 5 5 3 5 2 5 2 2 3 4 5 5 4 3 2 2 2 4 3 4 2 2 5 3 3 4 4 2 5 2 3 2 5 5 2 5 2 3 2 4 3 5
35) Сергей Петров:  5 4 5 3 4 2 2 2 5 5 2 3 5 4 4 4 2 5 2 3 5 2 2 2 3 4 2 3 3 3 4 2 5 4 5 3 2 2 3 5 2 2 3 5 5 4 2 3 2 4 3 5 3 5 5 3 4 2 5 5 4 3 5 5 3 3 3 2 5 5 3 4 4 3 4 2 3 5 4 2
