1) Валентин Иванов: 4 5 5 4 4 4 4 5 4 5 5 4 5 4 5 4 4 4 5 5 5 4 5 5 4 5 5 5 4 4 4 5 4 5 4 4 5 4 5 4 4 4 4 5 5 4 4 5 5 5 5 4 4 4 4 5 5 4 5 4 5 5 4 4 4 5 4 5 4 5 5 5 5 5 4 4 5 5 4 4
2) Валентин Иванов: 3 2 4 4 4 3 2 3 2 2 5 2 2 2 3 4 2 3 2 5 3 2 2 5 3 4 4 2 2 4 4 4 2 3 4 5 5 2 4 5 3 4 4 3 5 4 3 2 2 4 5 5 2 2 2 3 5 5 4 3 5 3 4 4 3 2 2 4 2 2 3 2 3 5 2 3 4 4 3 2
3) Елена Сидорова: 4 4 5 4 5 5 5 5 4 4 4 5 5 5 4 5 4 4 5 5 4 5 4 5 5 5 5 5 5 5 5 5 5 4 5 5 4 5 4 5 4 4 4 5 4 5 4 4 4 5 4 5 5 5 5 4 5 4 4 4 4 4 5 5 5 5 5 5 4 5 4 4 5 4 5 4 4 4 4 5
4) Валентин Кузнецов: 5 4 4 5 4 4 5 4 4 5 5 4 5 4 5 4 5 4 5 4 4 5 5 4 4 5 4 5 5 4 5 5 5 4 5 4 5 5 5 4 5 4 4 5 4 4 4 5 4 5 5 4 4 4 4 4 5 4 5 5 4 4 4 5 5 5 5 5 5 5 5 4 5 5 4 4 5 5 4 5
5) Елена Иванова: 2 2 2 2 3 2 3 3 2 3 3 3 3 2 3 2 2 3 3 2 3 2 2 2 3 2 2 2 2 2 3 3 3 2 3 2 2 2 3 2 2 2 3 3 2 2 2 2 3 3 2 2 3 2 3 3 3 3 2 3 2 3 3 2 2 2 2 2 2 2 2 3 2 2 2 3 3 3 2 3
6) Иван Сидоров: 4 5 5 5 5 4 4 4 4 5 4 4 4 5 5 5 5 4 5 4 4 5 5 5 5 5 4 4 5 5 4 5 5 5 5 5 5 5 4 4 5 5 4 5 5 4 5 5 5 5 4 4 4 4 4 5 4 4 5 4 5 5 4 4 4 5 5 4 5 5 4 5 5 4 4 4 5 4 5 5
7) Юлия Петрова: 2 2 2 3 2 3 3 3 2 3 2 2 2 3 2 2 3 2 2 2 3 3 3 3 3 3 2 2 2 3 2 2 3 2 3 3 2 3 2 2 2 2 3 2 3 2 3 2 2 2 2 2 2 2 2 3 3 3 3 2 2 3 2 3 3 3 3 2 2 3 3 3 2 2 2 3 3 2 2 2
8) Иван Сидоров: 5 5 4 4 5 4 4 5 4 5 4 5 5 4 4 5 4 5 5 5 5 5 5 4 4 5 4 5 5 4 5 4 4 5 5 4 4 5 5 5 5 4 5 4 4 4 5 4 5 4 5 5 5 5 5 5 5 4 5 5 4 5 4 4 5 4 5 5 5 5 4 5 4 4 5 4 4 5 4 5
9) Елена Кузнецова: 4 4 4 5 5 4 4 5 4 4 5 4 5 5 4 4 5 4 4 4 4 4 5 5 5 5 4 5 5 5 5 5 5 5 5 5 4 5 5 5 4 5 4 4 4 5 5 5 5 4 4 4 4 5 4 5 4 5 4 4 4 4 4 5 5 4 5 5 4 5 4 4 4 4 4 4 4 5 5 4
10) Иван Иванов: 2 2 2 4 5 2 3 5 2 3 5 4 4 2 4 3 4 2 4 5 5 2 5 4 5 3 3 5 4 2 2 5 5 2 4 5 4 3 4 4 2 5 3 3 2 4 4 5 5 4 3 5 3 3 5 4 4 3 4 3 2 3 3 3 5 4 5 4 3 4 4 5 3 4 5 3 5 3 5 3
11) Мария Сидорова: 4 5 5 5 4 4 5 5 4 5 5 5 4 5 5 4 4 4 4 5 5 5 5 5 5 5 5 4 5 5 4 5 5 5 4 4 5 5 5 4 4 5 5 5 4 4 4 4 4 5 5 5 5 5 5 4 4 5 4 5 5 5 4 4 4 5 4 5 5 4 5 5 5 4 5 4 4 5 4 5
12) Иван Кузнецов: 2 2 3 3 3 2 3 2 2 2 3 2 2 3 2 3 2 2 3 3 2 2 2 3 2 3 2 3 3 3 3 2 3 2 2 3 2 2 3 2 3 2 2 2 3 3 2 2 2 3 3 2 3 3 2 3 2 2 2 2 2 2 2 3 3 2 2 2 3 3 2 3 2 3 3 2 3 3 3 2
13) Елена Петрова: 3 2 2 2 2 3 2 2 2 2 2 3 3 2 2 2 2 3 3 3 2 3 3 3 3 2 3 3 2 3 2 3 3 3 2 2 2 2 3 2 3 2 3 2 3 2 2 3 3 2 2 3 2 2 2 3 2 2 2 2 3 2 3 3 2 3 2 2 2 2 2 2 3 2 3 3 2 3 3 2
14) Валентин Кузнецов: 5 4 4 5 4 5 5 4 4 5 5 4 5 4 5 5 5 5 5 5 4 5 4 4 4 5 5 5 4 5 5 5 4 5 5 5 5 5 5 4 5 5 5 5 4 5 5 5 4 4 4 5 5 5 5 5 4 5 5 4 5 4 4 5 5 4 4 4 5 4 5 4 5 5 5 5 5 5 4 5
15) Елена Сидорова: 4 3 5 5 5 3 2 2 5 5 3 5 4 2 5 4 3 3 4 4 2 5 3 3 5 2 2 3 3 3 2 3 4 2 5 5 3 5 5 2 5 2 4 4 2 5 5 5 5 3 4 2 5 3 2 5 2 2 3 2 4 5 4 2 5 3 2 2 3 4 5 5 4 5 2 2 4 3 3 2
16) Михаил Иванов: 4 3 2 3 2 3 5 4 4 5 2 3 3 4 4 4 5 5 5 5 4 4 2 2 4 5 4 5 5 3 4 4 2 2 3 2 4 3 4 2 2 5 2 2 3 3 4 4 5 4 5 3 2 5 3 5 3 3 2 3 4 2 2 5 5 5 2 3 2 2 3 3 3 3 4 3 5 4 5 2
17) Мария Иванова: 4 4 4 5 4 5 4 4 4 4 5 4 4 5 5 5 4 5 5 4 4 4 4 5 5 5 4 4 5 5 5 4 5 5 4 4 4 4 4 5 5 4 4 4 4 5 4 4 5 5 5 4 4 5 5 5 4 5 4 5 5 4 4 5 5 4 5 5 4 4 4 5 5 5 4 4 5 4 5 5
18) Валентин Кузнецов: 5 4 4 5 5 5 5 4 4 5 4 5 5 5 4 4 4 4 4 5 5 5 4 4 4 5 5 5 5 5 4 4 4 5 5 5 5 5 5 4 4 4 5 5 4 4 4 4 4 5 4 5 4 4 4 5 5 5 4 4 4 4 5 4 4 5 4 4 4 5 4 4 4 5 5 5 5 4 5 4
19) Елена Иванова: 5 5 5 4 4 5 5 4 5 4 4 5 4 5 4 5 5 5 5 5 5 5 4 4 5 4 4 4 4 4 5 4 4 5 5 5 5 5 5 4 5 4 4 5 5 4 4 5 5 4 5 5 4 5 5 5 5 4 4 4 4 4 4 5 5 4 4 4 4 5 4 4 4 5 5 5 4 5 5 4
20) Иван Иванов: 3 5 5 3 4 2 3 5 2 3 5 3 2 4 4 5 3 5 2 5 5 3 5 5 3 2 5 5 3 3 5 5 2 4 4 3 5 4 2 4 4 3 2 4 2 2 4 5 3 4 2 3 5 4 4 4 3 4 4 4 3 4 5 5 5 5 4 3 3 3 3 3 5 4 2 4 2 4 4 4
21) Екатерина Иванова: 2 3 2 3 3 3 3 3 3 3 2 2 3 3 3 3 3 2 3 3 2 2 2 3 3 2 3 2 3 3 3 2 2 3 3 3 3 3 2 2 2 2 3 2 2 2 2 3 3 3 3 3 3 2 3 3 3 3 3 2 2 3 2 2 3 2 3 2 2 2 3 2 3 3 2 2 3 3 2 2
22) Валентин Кузнецов: 4 4 5 4 2 3 3 4 2 3 5 5 5 4 4 4 3 3 5 4 5 4 4 4 3 3 2 2 3 5 5 3 2 2 5 5 2 2 2 5 4 3 4 5 3 2 5 4 3 5 3 3 5 5 2 2 2 4 2 3 2 5 3 5 2 3 5 5 2 4 3 3 5 5 2 3 2 4 4 5
23) Елена Сидорова: 3 3 3 5 5 4 3 4 3 4 3 2 5 3 2 2 2 2 3 5 5 3 3 5 5 5 5 4 5 3 3 4 2 3 2 4 2 2 3 4 4 2 5 5 3 2 5 5 4 3 2 3 3 2 5 4 4 2 5 3 3 5 2 4 4 3 2 3 3 2 5 4 5 3 2 3 5 3 4 3
24) Валентин Кузнецов: 3 2 4 2 4 5 5 3 5 3 3 2 2 5 3 5 4 2 5 5 5 3 3 5 3 4 3 2 3 3 2 5 3 2 3 4 5 4 5 2 4 5 3 4 3 2 5 3 4 4 5 4 5 3 3 3 3 4 2 5 3 3 3 4 3 2 3 2 2 2 4 3 5 3 2 2 2 4 3 4
25) Мария Иванова: 3 3 3 3 3 3 3 3 2 3 3 2 3 3 3 3 3 2 3 3 3 2 2 3 2 3 2 3 2 2 3 3 2 3 2 2 2 2 2 3 2 3 2 2 3 3 3 3 3 3 2 3 2 2 3 3 3 3 3 2 2 3 2 2 2 3 2 2 2 2 3 3 3 3 2 3 3 3 3 3
26) Михаил Иванов: 5 5 5 5 5 5 5 4 4 4 4 4 5 4 4 5 5 4 5 5 4 5 4 5 5 4 4 4 5 5 5 4 4 4 5 4 5 5 5 4 4 5 5 5 4 5 5 5 4 4 4 5 5 5 5 4 5 4 4 4 4 4 4 5 5 5 4 4 4 5 5 4 5 4 4 4 4 5 4 5
27) Елена Иванова: 3 4 4 4 4 3 5 3 5 4 5 4 2 3 5 4 5 3 4 2 2 3 3 3 5 4 5 2 4 2 2 5 4 2 2 5 3 3 2 2 2 4 3 4 4 4 5 3 3 5 4 5 5 2 4 4 2 5 2 5 5 3 2 5 3 3 5 4 5 2 2 5 2 5 3 2 4 3 5 3
28) Иван Кузнецов: 3 3 5 2 2 3 3 5 5 2 4 3 4 4 5 4 5 2 4 5 5 3 2 4 5 4 5 5 5 5 4 3 5 3 2 3 4 3 3 5 2 2 4 5 3 5 4 2 4 5 2 5 4 2 4 5 4 2 4 5 3 4 2 5 5 3 4 3 2 2 5 2 2 3 2 5 5 4 2 4
29) Екатерина Иванова: 5 5 5 4 4 4 4 4 5 4 4 5 4 5 4 5 4 5 5 5 5 4 4 5 4 4 4 5 4 4 5 5 5 4 5 5 5 5 5 4 4 4 4 4 4 4 4 4 4 5 4 5 4 4 5 4 4 5 5 4 4 5 4 5 5 4 5 5 4 5 5 5 4 5 5 5 4 4 4 4
30) Михаил Сидоров: 4 4 4 4 5 4 5 4 4 4 4 5 5 4 4 5 5 4 5 4 4 4 4 5 5 4 4 5 5 4 5 5 5 5 5 4 5 5 4 4 4 4 4 5 4 5 5 5 5 5 5 4 4 5 5 5 4 4 5 5 4 5 4 5 5 4 5 5 5 4 4 4 5 5 4 4 4 4 4 5
31) Юлия Кузнецова: 2 3 2 2 2 2 2 2 2 2 2 2 3 3 2 3 2 2 2 2 2 3 3 3 2 3 3 2 2 3 3 3 3 2 2 3 3 2 2 3 2 3 3 3 3 3 2 2 3 3 3 2 3 2 3 3 2 3 2 3 3 2 2 2 2 3 3 2 3 3 3 3 2 3 3 2 2 3 2 2
32) Михаил Иванов: 5 3 4 3 2 2 4 4 2 4 4 2 5 3 3 5 2 4 5 3 2 2 2 3 3 2 3 5 4 2 3 5 2 2 4 2 3 5 3 5 5 2 5 4 5 2 2 3 2 5 3 2 4 3 5 2 2 3 3 3 2 2 4 3 2 2 3 5 2 3 3 2 5 5 5 4 5 5 3 2
33) Юлия Сидорова: 3 2 2 3 3 2 2 3 3 2 2 3 3 2 3 3 2 2 3 2 2 3 2 2 3 3 2 2 3 3 2 3 3 3 3 3 3 3 2 2 2 3 3 2 3 2 2 3 2 2 3 2 2 3 3 3 3 3 2 3 3 2 3 2 3 3 3 3 3 3 2 3 3 3 3 2 2 3 3 2
34) Михаил Петров: 5 5 5 5 5 5 4 5 4 5 4 4 4 4 5 4 4 5 5 4 5 4 5 4 5 4 4 4 4 4 5 5 5 4 5 4 4 4 4 4 5 4 5 5 5 4 5 4 4 5 5 5 5 5 5 4 4 5 4 4 4 5 5 5 4 5 4 4 4 4 4 4 4 4 4 4 5 5 5 4
35) Екатерина Кузнецова: 2 3 2 2 2 2 2 3 2 2 2 2 3 2 2 3 2 2 2 3 2 3 2 3 2 3 3 2 3 2 2 3 2 2 3 2 3 3 2 2 2 2 2 3 3 3 2 3 2 2 3 2 2 2 3 2 2 3 2 3 3 3 2 3 3 3 3 2 3 2 2 2 3 3 2 3 2 3 2 2
