1) Михаил Кузнецов:  4 2 4 3 3 5 3 3 2 5 5 2 2 4 2 3 4 4 4 5 4 4 2 4 4 2 3 2 2 3 4 5 4 3 5 3 2 3 4 3 2 3 4 4 3 5 3 4 4 2 3 2 5 5 4 3 4 5 5 5 4 3 5 4 5 2 2 3 4 2 2 3 3 5 2 5 2 5 4 5
2) Екатерина Иванова:  3 3 5 4 5 2 4 2 4 4 4 5 2 5 4 5 3 4 2 2 2 4 3 5 2 3 2 5 5 4 3 5 3 5 3 3 3 2 4 5 3 4 4 2 3 4 2 2 4 3 2 5 2 2 4 3 2 3 5 2 4 5 3 5 3 4 5 4 2 5 5 2 4 4 5 5 2 3 3 5
3) Михаил Сидоров:  2 2 2 4 3 3 2 2 4 5 2 3 4 3 3 2 4 5 5 2 5 2 2 4 2 2 3 3 2 5 5 3 5 5 3 4 5 3 4 3 3 5 2 5 5 3 2 2 3 3 4 5 4 3 5 5 2 4 3 2 4 3 3 2 5 2 4 4 3 4 2 5 2 2 2 2 4 3 5 4
4) Мария Кузнецова:  5 3 2 3 3 2 4 3 4 4 3 4 3 4 3 2 2 2 4 3 2 5 3 2 4 2 5 4 3 4 4 5 2 5 2 3 2 4 2 4 3 3 3 3 5 4 2 5 2 4 3 2 5 3 4 3 3 4 2 3 4 3 4 2 2 5 3 4 2 5 3 5 5 2 5 3 2 5 2 3
5) Иван Петров:  5 2 3 3 5 4 3 5 4 3 5 3 2 5 2 5 3 3 2 2 5 3 2 5 2 4 5 3 5 5 2 3 4 3 3 4 3 5 3 2 2 2 5 4 3 3 4 2 2 5 2 3 2 3 3 2 4 4 4 2 4 4 2 4 3 4 3 2 5 3 3 3 2 5 2 5 4 3 5 4
6) Мария Кузнецова:  4 3 4 5 2 5 5 4 5 4 5 2 2 4 5 5 3 2 3 3 5 2 2 4 3 2 5 3 5 3 2 4 2 3 5 4 3 4 3 5 4 2 2 5 5 4 3 5 5 2 4 2 4 4 2 2 3 3 5 4 4 3 5 5 4 2 3 2 5 4 3 3 3 3 5 4 3 4 5 3
7) Сергей Петров:  5 4 3 2 5 3 3 4 2 4 4 4 2 3 4 2 2 3 5 5 3 5 5 2 5 2 2 5 2 4 3 5 3 4 4 5 5 4 2 3 3 3 4 5 3 4 4 4 4 5 2 3 2 5 4 4 4 3 4 5 2 5 4 5 5 2 2 4 4 4 2 4 2 2 4 2 2 5 5 4
8) Мария Иванова:  2 4 5 2 2 2 4 5 3 5 4 3 3 3 5 3 4 3 3 5 3 4 2 3 5 5 5 5 5 5 2 3 5 4 4 2 4 2 3 4 4 4 4 2 3 3 3 3 3 5 5 4 5 4 2 5 4 3 4 2 3 4 3 4 3 2 4 5 4 2 4 5 3 2 2 4 5 5 2 4
9) Сергей Иванов:  5 3 2 5 4 2 4 3 5 5 5 5 2 5 4 5 5 2 5 2 4 2 5 2 2 5 3 4 3 3 2 5 2 5 4 3 2 2 2 4 3 4 3 4 3 4 4 5 4 2 3 2 3 5 2 2 2 2 5 3 5 5 4 3 2 5 5 2 5 3 5 2 5 3 3 3 3 2 4 4
10) Елена Кузнецова:  4 5 4 5 2 5 4 3 4 3 3 3 5 4 4 5 2 2 3 2 2 4 4 2 5 2 2 5 5 3 2 4 3 5 4 4 3 4 5 4 3 3 3 5 5 3 5 4 5 3 2 4 4 3 5 2 5 3 2 3 5 3 3 5 2 4 5 4 2 4 4 4 2 4 2 5 5 4 3 5
11) Сергей Сидоров:  2 3 3 3 5 3 5 4 3 3 3 5 2 4 2 3 5 4 2 3 3 2 5 2 3 2 4 4 3 2 3 4 3 2 2 5 2 2 3 4 3 3 5 5 3 3 5 2 4 5 2 3 3 3 2 4 4 5 5 5 2 5 5 5 4 3 3 3 4 3 4 5 4 4 3 3 3 5 4 2
12) Юлия Петрова:  2 5 3 3 5 3 2 5 2 5 4 3 4 5 2 2 2 2 4 5 2 5 3 2 3 4 2 3 3 3 3 2 3 3 5 4 4 3 2 2 4 2 5 2 5 2 3 2 3 4 5 3 4 3 2 5 5 2 3 2 2 5 5 3 5 2 3 5 3 2 5 5 2 2 5 3 5 4 3 2
13) Михаил Петров:  5 4 5 2 4 2 2 5 3 3 3 2 5 3 4 2 3 3 5 3 5 4 3 4 4 3 4 2 4 3 2 4 3 2 5 3 5 4 2 2 3 5 3 3 3 4 4 3 2 4 3 2 5 3 2 4 5 4 5 2 3 4 2 2 2 5 3 4 5 4 5 4 5 2 3 2 4 3 4 3
14) Екатерина Иванова:  5 2 2 4 2 4 3 2 5 2 3 3 2 4 5 3 5 3 3 4 2 5 3 2 3 3 2 5 3 2 2 2 4 3 2 4 4 5 4 5 3 2 3 3 5 3 2 5 3 4 4 2 4 5 2 5 4 2 4 2 5 3 4 3 2 2 5 4 4 4 3 5 3 5 4 3 2 4 4 2
15) Сергей Кузнецов:  4 4 3 3 5 3 4 5 5 3 4 4 5 4 3 4 5 4 3 3 3 4 2 3 5 2 5 3 2 5 2 2 2 2 2 2 3 5 2 2 2 5 5 4 3 3 2 3 4 2 3 4 2 3 2 5 4 5 5 2 4 5 3 5 4 5 3 3 5 3 3 3 3 4 3 4 5 5 4 3
16) Мария Кузнецова:  5 4 2 3 4 5 2 3 5 2 4 3 5 2 4 2 2 5 2 3 3 2 3 5 5 5 4 3 3 4 4 5 5 5 4 4 5 2 2 4 4 3 5 4 2 3 2 4 5 5 2 5 2 4 2 2 3 5 5 3 3 4 5 5 2 3 5 5 2 3 5 5 2 2 5 2 5 3 3 5
17) Иван Петров:  2 5 3 2 3 2 3 5 3 4 4 2 3 2 2 4 3 3 2 5 5 4 5 4 4 3 4 3 3 5 3 5 4 4 3 2 5 5 4 4 2 2 4 4 4 4 3 4 5 4 5 3 2 2 5 2 5 5 4 5 2 4 5 5 4 3 3 2 2 5 5 3 4 5 2 3 4 5 2 4
18) Мария Сидорова:  4 2 3 5 3 2 3 5 3 4 4 4 2 5 2 2 4 2 2 4 3 2 5 5 5 4 3 5 2 5 5 2 4 4 4 5 3 2 4 5 5 5 4 5 4 4 5 4 5 4 2 4 3 5 3 3 2 2 2 5 3 3 4 2 3 2 4 5 2 2 4 2 2 5 3 2 3 2 5 3
19) Валентин Петров:  3 5 2 2 2 4 3 5 4 5 4 5 5 4 5 2 4 2 2 3 2 3 3 5 2 3 4 3 2 3 3 2 2 2 3 5 2 2 4 4 5 4 5 2 5 2 2 3 5 5 4 3 2 5 2 2 2 4 5 3 2 5 2 3 3 2 5 5 3 2 5 5 5 2 4 5 3 3 2 2
20) Екатерина Иванова:  5 3 2 2 2 4 4 4 2 3 5 2 4 4 4 3 3 2 3 2 4 5 3 4 4 2 3 3 4 4 2 2 2 3 2 4 5 2 5 5 3 3 5 5 4 5 4 5 2 5 2 4 4 2 2 5 4 3 4 5 4 3 2 2 2 5 3 2 3 5 5 5 5 2 2 3 5 3 4 2
21) Михаил Сидоров:  4 3 2 5 4 3 3 4 2 4 4 3 5 3 5 3 5 3 3 3 3 5 5 3 3 2 4 5 2 5 3 4 3 5 4 2 2 5 5 2 3 3 4 2 4 2 2 2 5 2 2 3 4 3 4 2 4 2 5 2 2 2 5 2 2 3 2 3 4 2 2 5 4 4 3 4 4 2 4 2
22) Мария Иванова:  5 5 5 4 2 3 3 4 4 3 2 5 4 5 4 4 2 2 5 2 2 3 4 2 3 4 2 3 3 3 4 2 5 4 4 4 4 2 2 5 3 3 4 5 3 5 4 2 4 3 5 5 2 4 4 5 5 2 5 2 4 2 4 2 5 5 5 3 2 4 5 4 2 2 2 2 2 2 2 2
23) Иван Петров:  5 3 4 5 2 2 4 4 3 2 5 4 5 2 4 3 4 2 4 2 5 5 4 4 5 3 4 4 4 2 4 2 5 3 2 5 3 5 5 3 4 5 4 3 5 2 5 5 4 3 3 2 4 4 5 2 3 5 3 4 2 4 2 2 3 2 5 3 5 5 2 4 4 2 3 3 4 3 4 5
24) Юлия Кузнецова:  5 5 2 4 3 3 2 5 4 5 5 4 5 5 2 5 3 4 2 2 5 2 4 2 5 3 4 2 3 2 3 2 3 5 4 3 4 3 4 4 4 4 4 5 5 4 2 5 2 3 3 2 2 5 2 2 5 3 2 2 5 5 5 4 3 3 3 3 5 3 3 2 3 5 4 5 5 3 2 4
25) Иван Петров:  3 3 2 4 2 4 3 5 3 3 5 4 2 2 4 4 4 4 4 5 2 4 2 3 5 3 5 3 4 2 2 2 2 5 3 4 3 2 2 2 5 2 5 3 3 4 2 4 5 3 5 2 4 2 5 4 2 3 4 5 4 2 2 5 5 5 5 3 5 3 3 2 5 5 4 3 4 2 4 5
26) Елена Кузнецова:  3 2 2 5 4 3 3 4 3 2 5 5 5 3 3 5 5 5 4 2 5 5 2 3 3 4 2 2 4 3 4 2 5 5 4 3 4 4 5 4 2 3 3 5 3 3 2 5 4 2 4 4 5 3 3 5 5 3 3 5 3 2 3 2 3 5 2 4 4 2 4 5 3 4 3 4 5 2 4 2
27) Сергей Кузнецов:  2 4 2 5 5 2 2 5 3 5 2 5 3 5 4 4 3 3 5 5 3 3 2 2 4 2 2 2 3 3 3 4 2 4 3 5 3 3 5 2 2 3 3 2 3 2 3 5 4 2 3 4 2 5 3 2 5 2 5 4 2 4 4 2 4 2 4 5 5 4 5 2 5 3 3 4 3 4 5 2
28) Юлия Сидорова:  4 5 4 5 3 5 4 4 4 5 5 4 4 5 4 5 2 2 2 3 2 2 2 4 4 5 2 4 4 2 4 3 4 5 4 2 3 3 5 3 3 3 2 2 4 5 4 4 2 3 4 3 2 3 3 2 2 4 5 4 4 4 3 5 3 2 2 3 5 3 5 4 3 4 3 2 3 4 5 3
29) Иван Петров:  2 5 2 2 5 3 5 5 2 3 3 4 5 4 5 3 3 5 2 4 2 5 2 3 4 5 4 4 3 4 2 4 3 2 5 4 4 3 4 3 5 4 4 5 4 5 2 5 3 4 5 3 5 3 4 4 5 2 2 5 2 4 5 5 2 3 5 5 4 5 3 5 4 4 3 3 2 4 4 4
30) Юлия Сидорова:  2 2 5 4 3 3 4 4 4 3 2 3 4 3 2 4 3 5 3 4 3 3 2 2 2 4 5 3 5 2 4 5 2 4 3 5 5 5 5 5 5 2 4 3 3 4 2 2 4 5 3 5 3 4 2 2 4 5 2 5 2 4 5 3 5 4 2 2 5 4 5 4 5 4 4 4 4 4 2 3
31) Сергей Иванов:  5 2 2 3 3 2 5 4 5 2 5 5 4 4 5 3 4 5 3 2 4 2 4 3 4 3 3 5 4 2 4 4 4 5 5 3 5 5 2 2 4 3 2 4 2 4 4 4 3 4 3 5 5 3 5 5 4 5 3 2 3 5 4 2 5 4 3 4 5 4 3 2 2 3 5 4 3 2 5 3
32) Екатерина Иванова:  4 4 5 2 3 4 3 2 3 5 4 3 5 5 3 2 4 4 2 2 2 4 5 5 5 5 2 4 5 5 4 5 2 4 5 3 4 4 5 2 2 5 3 5 3 3 3 2 3 4 2 3 2 3 5 2 3 2 2 3 3 3 5 3 3 2 5 2 5 5 2 5 2 5 5 3 5 5 3 2
33) Михаил Иванов:  5 2 3 3 4 3 2 2 5 4 3 5 5 3 2 5 2 4 3 3 3 5 4 4 4 3 5 3 4 4 5 2 5 2 3 2 3 5 2 2 3 4 5 3 2 4 5 4 4 2 5 5 5 5 3 2 4 5 3 2 2 3 2 5 5 5 2 3 2 4 2 3 4 5 3 3 3 3 2 5
34) Елена Иванова:  2 2 3 2 4 2 3 4 4 4 5 4 5 2 3 5 4 5 5 4 3 2 3 4 4 5 2 2 4 3 3 4 3 4 5 4 3 4 3 3 5 2 2 3 5 4 2 4 4 4 3 2 4 2 2 2 4 3 3 2 3 3 2 5 2 2 3 4 3 5 5 3 3 4 3 4 3 3 2 5
35) Сергей Петров:  2 4 4 5 5 2 5 3 2 5 5 3 2 2 5 5 2 3 2 5 3 3 4 2 3 2 2 3 4 5 2 3 4 2 4 2 4 4 5 4 2 2 3 3 3 3 4 3 4 5 5 2 2 4 4 2 3 3 4 2 5 4 2 5 4 2 5 3 3 5 5 3 3 3 5 5 4 3 4 4
