1) Валентин Иванов: 3 2 3 2 2 3 3 3 3 2 3 2 3 2 3 2 3 3 2 2 2 3 3 2 2 2 3 2 2 2 3 3 2 3 3 2 2 2 3 2 3 3 3 2 2 2 2 3 3 2 3 2 2 3 3 2 2 2 3 2 3 2 2 3 3 3 2 2 2 3 2 3 3 3 2 2 3 3 2 3
2) Валентин Иванов: 5 5 5 5 4 5 4 5 5 5 4 4 4 5 4 4 4 5 5 4 5 4 5 5 4 5 5 4 4 5 4 5 4 5 5 4 5 4 5 5 5 4 4 5 4 5 5 4 5 5 4 4 5 5 4 4 5 5 5 4 4 4 4 4 4 5 4 5 4 4 5 4 5 4 4 4 5 4 5 4
3) Елена Сидорова: 4 2 5 5 3 5 4 5 4 3 3 3 4 5 3 3 4 5 5 3 4 4 5 2 2 4 5 3 2 4 2 5 2 2 4 3 2 5 5 2 5 3 5 5 2 3 5 3 5 5 5 4 4 4 4 4 5 3 5 5 5 2 2 4 2 3 2 2 2 5 2 5 4 5 5 5 5 3 5 3
4) Валентин Кузнецов: 4 4 5 5 5 5 4 5 4 5 4 5 4 5 4 4 4 4 5 4 4 4 4 4 5 4 4 5 4 4 5 4 5 5 5 4 4 4 4 4 4 5 4 5 5 5 4 5 5 4 5 4 4 4 5 5 4 5 5 4 5 5 4 4 5 4 5 4 5 5 5 5 4 4 4 4 5 4 5 5
5) Елена Иванова: 3 2 3 3 2 3 2 3 2 3 3 2 3 3 2 2 3 2 2 2 2 2 2 3 3 3 3 2 2 3 3 2 2 3 2 2 2 3 2 2 2 2 2 3 2 3 2 2 3 2 2 2 2 3 3 2 3 3 3 3 3 2 3 3 3 2 3 3 3 3 3 3 3 2 3 3 3 3 3 3
6) Иван Сидоров: 3 2 2 3 2 2 3 3 2 2 2 3 3 2 3 2 3 3 2 3 3 3 3 2 2 2 3 2 2 3 2 2 3 2 3 2 3 3 2 3 2 3 2 2 3 2 3 3 2 3 3 3 3 3 3 2 3 3 3 2 3 2 2 3 2 3 2 3 3 3 3 3 2 2 3 2 2 3 2 2
7) Юлия Петрова: 5 4 3 2 3 5 3 2 3 5 2 2 4 4 3 5 3 4 4 4 5 2 3 2 3 4 4 3 3 2 5 3 2 2 4 5 2 3 5 4 3 3 5 4 5 5 2 5 2 2 2 5 2 3 3 2 3 3 3 5 4 3 2 5 2 2 4 2 3 4 2 2 4 4 5 4 4 5 5 3
8) Иван Сидоров: 5 4 4 4 4 5 5 4 4 4 4 5 4 5 4 5 4 5 4 5 4 4 5 4 5 4 5 4 4 4 4 4 5 5 5 5 5 5 5 4 5 5 5 4 5 4 5 5 4 5 5 5 4 5 5 5 4 5 4 4 5 5 4 5 5 5 5 5 5 4 4 4 4 4 4 5 5 5 4 5
9) Елена Кузнецова: 2 2 2 2 2 3 2 2 2 2 2 2 3 2 2 2 2 2 2 2 2 3 2 3 3 2 3 2 2 2 3 2 3 2 3 2 3 3 3 2 2 3 3 2 3 3 2 2 3 2 3 2 2 3 2 3 3 2 3 3 3 2 2 2 3 3 2 2 2 2 2 3 2 3 3 2 2 2 3 3
10) Иван Иванов: 2 3 2 2 2 3 2 3 2 2 3 3 2 2 2 2 2 3 2 3 3 3 2 3 2 3 2 2 3 3 2 2 3 3 3 3 3 2 3 3 2 3 3 3 3 3 3 3 2 3 2 2 2 2 2 3 2 3 3 2 2 2 3 2 3 3 2 2 2 2 3 3 3 2 2 2 2 2 3 2
11) Мария Сидорова: 2 3 2 3 3 3 3 3 3 3 2 2 2 3 2 2 2 3 2 2 3 3 3 2 2 3 3 2 2 3 3 2 3 3 3 3 3 2 3 2 2 2 2 3 3 2 2 3 3 2 3 2 2 3 3 2 2 2 3 2 3 2 3 2 2 3 3 2 3 3 3 3 2 2 3 2 3 3 2 2
12) Иван Кузнецов: 3 3 2 2 2 3 2 2 2 2 3 2 2 2 2 2 3 3 2 3 2 3 3 3 3 3 2 2 3 2 3 3 3 3 2 2 3 2 3 3 2 2 3 2 3 3 2 2 3 2 2 2 2 2 2 2 3 2 3 3 2 3 3 3 2 3 3 2 3 3 3 3 2 3 3 2 2 3 2 3
13) Елена Петрова: 4 5 5 5 5 2 3 2 2 5 2 5 4 2 3 4 2 4 2 3 2 3 3 5 4 3 5 2 2 2 4 3 3 5 3 4 4 3 2 4 5 2 2 3 3 5 3 4 5 3 3 4 4 2 4 3 3 3 3 4 5 5 4 2 4 3 4 5 5 4 2 4 5 5 3 4 2 4 2 4
14) Валентин Кузнецов: 3 3 3 3 3 2 2 3 3 3 2 2 3 3 2 2 3 3 3 3 3 2 3 3 3 3 3 3 3 2 3 2 3 3 3 2 2 3 3 3 3 3 2 3 3 2 3 2 3 2 3 3 3 2 3 3 2 3 3 3 2 2 2 2 3 2 2 3 3 3 2 3 2 3 2 2 3 3 2 2
15) Елена Сидорова: 5 4 4 4 5 4 4 4 4 5 4 4 4 4 4 4 5 4 5 4 4 4 4 5 5 5 4 4 5 5 5 5 5 4 4 4 4 4 4 4 4 4 5 5 4 4 4 5 5 5 4 4 5 5 4 5 5 4 4 4 5 5 4 5 4 5 5 4 5 5 5 4 5 4 4 5 5 4 4 5
16) Михаил Иванов: 4 5 4 4 4 4 4 4 5 4 4 4 4 4 4 4 4 4 5 5 5 4 4 4 5 5 5 5 5 4 4 5 4 5 4 5 5 5 5 4 5 5 4 4 5 4 4 4 4 4 5 4 4 4 4 5 5 5 4 5 5 5 4 5 4 4 4 4 4 4 4 4 4 4 4 5 4 5 5 4
17) Мария Иванова: 2 3 5 5 3 5 4 5 2 5 2 4 2 4 2 5 4 5 2 3 4 5 4 5 3 3 2 5 4 4 4 2 4 4 3 3 3 4 5 4 3 5 5 3 4 4 3 3 2 4 3 4 3 4 2 2 5 5 5 4 5 4 2 2 4 3 5 4 2 2 4 5 4 4 3 3 3 4 5 5
18) Валентин Кузнецов: 3 2 3 2 2 3 3 2 3 3 2 2 3 2 3 2 2 2 2 2 2 2 3 2 3 2 3 3 3 2 2 3 3 3 2 3 2 3 3 3 3 2 3 3 2 2 3 2 3 2 3 3 3 2 3 3 2 2 3 2 2 2 2 3 3 3 2 2 2 2 3 2 2 2 3 3 3 2 2 3
19) Елена Иванова: 2 2 3 2 3 3 3 2 3 2 2 3 2 3 2 3 3 3 3 3 3 2 2 2 2 3 2 2 3 2 2 2 3 3 2 3 2 2 3 2 3 3 2 3 2 2 2 3 2 2 3 3 3 2 2 2 3 3 3 3 3 2 2 2 3 3 3 2 2 3 3 3 2 2 3 2 2 2 3 3
20) Иван Иванов: 5 5 4 4 5 5 4 4 4 5 5 4 4 5 4 5 5 5 4 4 4 5 5 4 4 4 5 5 5 4 5 5 4 4 5 4 5 4 5 5 5 5 4 4 5 5 5 4 4 4 4 5 5 5 4 4 5 5 4 5 4 5 5 4 4 4 5 4 4 5 5 5 5 4 4 5 4 4 4 4
21) Екатерина Иванова: 2 2 2 3 4 4 2 3 5 2 2 3 3 4 2 4 5 5 5 3 2 4 2 5 4 4 2 3 3 2 4 4 2 3 2 2 3 3 4 4 2 3 4 3 2 4 2 5 5 2 4 5 2 5 4 4 2 5 5 5 4 5 5 2 5 5 5 3 4 4 3 5 4 3 5 4 2 5 4 2
22) Валентин Кузнецов: 5 5 2 2 3 3 5 3 5 3 2 4 3 2 5 2 2 4 3 3 4 5 2 4 4 2 3 4 2 5 2 3 2 2 3 2 4 2 2 3 2 4 2 4 3 2 3 2 3 2 2 5 2 2 3 2 3 2 2 5 3 2 3 3 5 2 2 5 5 2 3 2 5 3 3 4 3 2 2 3
23) Елена Сидорова: 2 2 2 3 3 2 2 2 2 3 2 2 3 2 2 3 2 3 2 3 3 2 3 3 2 3 2 2 3 2 3 2 3 3 2 3 3 3 2 3 3 2 2 3 3 3 2 2 2 3 2 3 2 2 2 3 2 2 2 3 3 3 2 2 2 2 2 3 2 3 3 3 3 3 2 3 2 2 3 3
24) Валентин Кузнецов: 5 3 3 3 2 3 3 5 2 5 4 2 4 3 3 3 3 3 3 5 5 4 5 3 3 4 3 4 4 4 2 3 4 4 2 5 3 5 4 2 4 3 5 3 2 3 3 5 5 5 5 2 2 2 5 5 2 5 3 3 5 2 3 4 3 4 2 2 5 3 5 5 4 5 5 3 3 5 4 3
25) Мария Иванова: 2 2 2 2 3 3 3 3 3 2 2 2 2 2 3 3 2 3 3 3 2 3 2 2 3 3 2 2 3 2 2 3 2 2 2 2 2 3 3 2 2 3 2 2 2 3 2 2 3 2 3 3 3 3 2 3 2 2 3 3 2 3 3 2 2 2 3 3 3 3 2 3 2 3 3 2 3 2 2 2
26) Михаил Иванов: 5 4 5 4 5 5 4 4 5 5 4 4 5 5 5 5 4 4 4 4 5 4 4 4 4 5 5 5 4 4 4 4 5 5 5 4 5 5 4 4 5 5 5 5 5 5 4 5 4 4 5 5 4 5 4 5 5 4 4 4 4 4 5 4 5 4 4 5 5 5 4 4 5 4 4 4 5 5 4 4
27) Елена Иванова: 3 3 2 2 2 2 3 3 3 2 3 3 3 3 3 3 2 3 3 3 3 2 2 3 2 3 2 2 3 3 3 3 2 2 2 2 2 3 2 3 2 2 2 3 3 2 3 3 2 3 2 2 3 3 2 3 3 2 3 2 3 3 2 2 3 2 3 2 3 3 3 3 2 2 3 2 2 3 2 2
28) Иван Кузнецов: 5 5 5 3 4 2 3 5 5 3 2 2 2 3 3 4 3 3 5 2 5 5 3 4 4 2 5 3 2 5 4 3 5 2 3 4 3 3 3 2 5 4 4 3 2 5 3 3 2 4 2 2 2 4 5 2 4 2 4 2 4 4 5 3 4 4 3 3 5 4 5 3 2 3 3 4 3 5 3 4
29) Екатерина Иванова: 3 2 2 3 2 2 2 2 3 3 2 2 3 3 3 2 3 3 3 3 3 2 3 2 2 3 3 3 2 3 3 3 3 3 3 3 3 3 2 3 2 2 3 2 2 3 2 2 3 2 3 2 2 2 3 2 3 3 2 3 3 2 3 3 3 3 3 2 2 3 3 3 2 3 3 2 3 3 2 2
30) Михаил Сидоров: 3 3 3 2 3 2 3 3 2 2 3 2 3 2 2 2 2 2 3 2 3 3 3 2 3 2 2 2 3 2 2 2 2 2 2 2 3 3 2 3 2 2 2 3 3 2 3 3 2 2 2 3 3 3 3 2 2 2 2 2 2 2 2 2 2 3 3 2 2 2 3 3 3 2 3 3 3 2 3 2
31) Юлия Кузнецова: 4 4 5 5 4 5 5 5 5 4 5 5 5 5 5 4 4 5 4 4 4 4 5 4 4 5 5 4 4 4 5 5 4 4 5 4 5 4 4 4 5 4 4 5 4 5 5 4 5 5 4 4 4 5 5 5 5 4 4 5 4 4 5 5 4 4 5 5 4 5 4 5 5 4 4 5 4 5 5 5
32) Михаил Иванов: 3 3 2 3 3 2 3 2 2 2 3 2 3 3 3 2 3 2 2 2 2 2 3 3 3 2 2 2 2 3 3 2 2 3 3 2 3 3 3 2 3 2 3 2 2 3 2 3 2 3 2 2 3 2 2 2 2 3 3 2 2 3 3 2 2 3 3 3 2 2 3 2 3 2 2 2 3 2 2 3
33) Юлия Сидорова: 3 2 2 3 2 3 3 2 2 2 3 2 3 3 2 3 3 2 3 2 3 3 3 2 3 2 3 3 2 3 2 2 2 3 2 2 2 3 3 3 2 2 2 2 3 2 3 3 2 2 2 2 2 2 3 3 3 3 2 3 2 2 3 3 3 3 2 3 2 2 3 2 2 3 3 3 3 3 2 2
34) Михаил Петров: 4 5 4 5 5 5 4 5 4 5 5 5 4 4 5 5 4 5 4 5 5 4 4 5 4 5 4 5 5 5 5 4 4 4 4 4 4 4 5 4 5 4 4 4 4 5 5 5 5 5 4 4 5 4 5 5 4 4 4 5 5 5 5 5 5 5 4 4 5 5 5 5 4 4 5 5 4 4 5 5
35) Екатерина Кузнецова: 2 3 3 3 3 3 3 2 2 3 2 3 2 2 3 3 2 3 2 3 2 2 2 2 2 2 2 2 2 3 3 3 2 3 3 3 3 2 3 3 3 2 2 2 2 2 2 2 3 3 3 2 2 2 2 3 2 2 3 2 3 2 3 3 3 3 2 3 3 2 2 2 2 2 3 2 3 2 3 2
