1) Валентин Иванов: 2 2 3 2 2 2 3 3 2 2 3 3 3 2 2 3 3 3 2 2 2 3 3 2 3 3 2 2 3 2 2 3 2 3 3 2 3 3 3 3 2 2 2 3 3 3 3 3 3 3 3 3 2 2 2 2 2 2 3 2 3 2 2 2 2 2 2 2 2 2 2 3 2 3 3 2 2 2 3 3
2) Михаил Иванов: 2 2 3 2 3 2 2 2 3 2 2 2 2 2 3 3 2 2 2 3 2 2 2 2 3 3 3 2 2 2 2 3 3 2 3 2 2 3 2 2 2 3 3 3 2 3 3 3 3 3 2 3 3 3 3 2 2 2 2 3 3 2 3 2 3 3 3 3 2 3 2 3 3 2 2 2 2 2 3 2
3) Юлия Иванова: 3 2 3 3 3 3 3 2 2 2 3 2 3 3 3 3 3 3 2 2 3 2 3 3 2 3 3 2 2 2 2 2 2 3 3 3 2 3 3 3 2 2 2 3 2 2 2 3 3 3 3 3 3 3 2 2 2 3 2 3 2 3 3 3 3 3 2 3 3 3 2 2 2 3 2 2 2 3 2 2
4) Сергей Кузнецов: 5 4 5 5 4 5 5 5 5 4 5 4 4 5 5 5 4 5 5 5 5 4 4 4 5 5 5 5 5 4 5 4 5 5 4 4 5 5 5 4 4 4 5 5 5 4 5 4 4 4 4 5 4 5 4 4 5 5 5 5 4 5 4 5 4 5 4 5 5 5 5 5 5 4 4 4 5 5 4 5
5) Мария Петрова: 4 4 5 4 4 5 5 5 5 5 5 4 4 5 5 4 5 4 5 5 4 4 4 5 4 4 4 5 4 4 5 5 5 4 5 5 4 4 5 4 5 5 5 4 5 4 4 5 4 4 4 5 5 5 5 5 4 4 5 4 5 5 4 5 5 4 4 5 4 4 5 4 4 5 4 5 5 4 4 5
6) Иван Сидоров: 4 4 4 4 5 4 4 5 5 4 5 5 4 5 5 4 4 4 4 4 5 4 4 4 5 4 5 5 5 5 5 4 4 5 4 5 4 4 4 4 5 4 4 4 5 5 4 5 4 4 5 5 5 5 4 4 5 4 4 5 4 4 5 4 5 4 4 4 5 5 5 5 4 4 4 5 5 4 5 4
7) Юлия Сидорова: 2 2 3 2 3 2 2 2 2 3 3 2 3 3 3 3 3 3 2 2 2 2 3 2 2 2 2 2 2 2 3 3 2 2 2 3 2 3 3 3 3 2 2 3 2 2 2 3 2 2 2 2 2 3 2 3 2 3 2 3 2 3 2 2 3 3 2 3 2 2 2 2 3 3 2 3 3 2 2 3
8) Иван Иванов: 4 2 2 4 2 5 3 5 2 5 2 3 4 3 2 3 4 2 2 2 3 5 5 4 4 5 5 2 3 3 5 3 5 2 5 3 4 3 4 2 4 3 4 4 5 4 2 2 4 5 3 3 2 3 4 3 4 3 4 2 3 3 3 5 4 5 3 4 3 3 4 3 2 4 5 4 3 3 2 2
9) Мария Кузнецова: 3 2 2 3 3 3 3 2 2 3 2 2 2 2 3 3 2 2 2 3 3 2 2 3 3 2 3 3 2 3 3 2 2 3 3 3 3 3 3 2 3 3 3 3 2 3 2 3 2 3 3 3 3 3 2 2 2 2 3 3 2 3 2 3 2 2 2 2 2 3 2 3 2 2 3 3 2 3 3 2
10) Сергей Петров: 3 5 4 3 3 2 2 3 3 5 5 4 3 2 3 2 4 4 2 5 4 3 4 2 4 5 4 2 2 4 3 4 5 3 4 2 5 4 4 3 3 5 2 3 4 4 3 3 5 5 4 2 3 2 5 5 4 5 2 2 3 2 4 3 4 4 4 5 4 4 3 4 5 4 5 5 4 5 2 2
11) Елена Сидорова: 5 4 5 4 4 4 5 5 5 5 4 5 4 4 5 5 4 4 5 4 4 5 4 5 4 4 4 4 4 5 4 5 5 5 5 4 5 5 4 5 5 4 5 5 4 4 5 5 4 5 5 5 4 5 4 5 4 5 5 5 5 4 5 5 5 5 5 4 5 4 5 4 4 4 4 4 5 5 5 5
12) Валентин Иванов: 4 5 4 5 5 5 4 5 5 4 4 5 4 5 5 4 5 4 5 4 5 5 5 4 4 4 5 4 4 4 5 4 5 4 5 4 5 4 4 4 5 4 4 4 4 4 4 4 5 4 5 5 5 4 4 4 4 5 5 5 5 4 4 5 4 4 4 4 4 5 5 4 5 4 4 4 5 4 5 4
13) Елена Сидорова: 4 4 5 4 4 5 5 4 5 5 5 4 5 4 5 4 5 5 4 5 4 5 4 5 4 5 5 5 4 4 4 4 5 5 5 5 5 5 5 5 5 5 4 4 5 4 4 5 4 4 5 4 4 4 5 5 4 5 4 4 4 5 4 4 4 5 5 5 5 4 4 5 4 5 4 4 4 4 5 5
14) Валентин Иванов: 5 3 3 5 5 3 3 3 4 3 5 3 5 5 2 4 5 5 4 3 3 5 2 2 5 5 4 2 4 5 2 3 4 5 4 2 3 5 3 4 2 2 2 3 3 4 5 3 5 4 2 3 3 2 2 3 2 2 3 3 2 2 3 5 2 3 4 4 2 2 2 2 5 3 4 3 3 5 3 3
15) Елена Сидорова: 5 4 4 4 4 4 4 5 4 5 4 5 5 4 5 5 5 4 5 5 5 5 4 5 4 5 5 5 4 5 5 4 4 4 5 4 4 4 5 5 4 4 4 5 4 4 5 4 4 5 4 5 5 5 5 4 5 5 4 5 5 4 5 4 5 4 4 5 5 4 5 5 4 4 5 5 5 4 4 4
16) Сергей Сидоров: 4 3 2 4 5 4 2 3 4 2 2 5 5 4 4 4 3 3 3 2 5 2 4 2 2 4 3 3 3 3 2 4 4 3 5 2 2 3 3 2 2 2 2 5 3 2 3 4 3 2 4 2 2 2 3 2 3 3 2 2 4 2 4 4 4 2 3 4 5 3 5 3 5 5 3 5 4 3 3 2
17) Мария Петрова: 5 4 5 5 4 4 5 4 4 4 4 5 4 4 5 4 5 5 5 5 4 5 4 4 4 5 4 4 4 4 5 4 5 5 5 4 4 5 4 4 4 4 5 5 5 4 4 5 5 4 4 5 4 4 4 4 4 4 5 5 5 5 5 5 5 5 5 4 5 4 4 5 4 5 5 5 4 4 5 5
18) Михаил Сидоров: 2 5 4 3 4 2 5 5 4 5 4 4 3 5 5 4 3 2 4 5 3 3 5 2 2 5 3 5 3 2 5 3 4 5 5 5 3 2 2 5 4 5 3 5 4 3 3 3 5 3 4 3 3 5 5 4 3 4 5 2 3 2 2 2 2 2 2 2 3 4 5 5 3 4 5 2 5 5 3 4
19) Елена Кузнецова: 4 5 5 4 2 2 4 4 5 3 5 3 2 3 5 2 5 4 5 4 5 4 5 4 2 3 4 3 3 3 4 5 3 3 5 2 5 4 5 2 3 3 2 2 3 3 3 5 2 2 4 2 5 3 2 4 4 2 2 3 5 3 3 5 5 5 5 2 2 3 5 2 5 4 3 3 5 4 4 3
20) Валентин Сидоров: 3 3 3 2 2 3 3 2 3 3 3 3 2 3 2 2 2 3 2 2 2 3 3 3 2 2 2 2 2 3 3 2 3 3 3 2 2 3 3 3 2 3 2 2 2 3 2 2 3 3 3 2 3 3 2 3 3 3 3 3 2 2 3 3 2 3 3 3 3 3 3 3 3 2 2 3 2 3 2 2
21) Юлия Сидорова: 2 2 3 2 3 3 2 2 3 3 3 3 3 3 3 3 2 3 2 3 3 3 2 2 3 3 2 3 2 3 2 2 2 2 3 2 3 2 2 2 3 3 3 3 2 2 2 3 3 2 3 2 2 2 2 2 2 2 3 2 2 2 3 3 2 2 3 2 2 3 3 2 2 2 2 3 2 2 2 2
22) Иван Петров: 3 3 3 2 4 4 3 2 2 2 5 5 3 5 3 3 2 3 3 4 4 3 5 2 2 2 5 4 3 2 4 3 2 3 4 3 3 5 3 2 3 2 4 2 4 4 4 5 2 5 4 3 3 5 5 2 3 3 5 3 4 4 4 5 3 3 4 4 4 5 4 4 2 5 5 3 5 2 5 3
23) Мария Петрова: 4 5 5 4 2 4 3 3 4 3 5 2 4 5 4 2 4 5 2 3 4 3 4 2 3 4 4 5 3 3 3 5 5 4 2 2 3 2 5 5 4 5 4 5 2 4 5 5 4 2 4 5 5 2 2 5 5 2 5 2 4 4 5 2 4 5 5 3 3 5 5 4 4 4 4 5 3 4 2 3
24) Михаил Сидоров: 5 4 5 5 4 5 5 4 5 4 4 5 4 4 4 4 5 4 4 4 4 4 5 4 4 5 5 4 4 5 5 5 4 5 4 5 5 4 5 5 5 4 5 4 5 5 4 5 5 5 4 4 5 5 5 5 4 5 5 4 5 5 5 5 4 5 5 5 4 5 4 5 5 5 4 4 4 4 5 5
25) Екатерина Сидорова: 3 2 2 2 2 5 5 4 4 3 2 3 4 2 4 2 4 2 4 5 2 2 5 2 3 2 4 4 2 2 4 2 5 5 3 3 3 2 4 5 4 2 4 5 3 3 3 2 5 5 2 4 5 4 5 3 4 5 2 3 2 2 4 4 2 2 2 2 5 4 5 4 2 4 4 4 5 3 4 4
26) Валентин Сидоров: 4 4 5 5 4 4 4 4 5 5 5 4 5 4 4 5 4 4 5 4 5 4 4 5 5 5 5 5 5 4 4 4 5 4 5 4 5 4 5 4 5 5 4 4 5 5 5 4 4 5 5 5 5 4 5 4 5 5 5 4 4 4 5 4 5 5 4 5 5 4 5 5 5 5 5 4 5 4 5 4
27) Елена Петрова: 5 5 4 4 4 5 4 5 4 5 5 5 4 5 5 4 5 4 5 5 5 4 5 4 4 5 4 4 5 5 4 5 4 5 5 5 5 5 5 5 5 5 5 5 5 4 5 4 5 4 4 4 4 4 4 5 4 5 4 4 5 4 5 4 4 5 4 5 4 4 4 4 4 4 5 4 5 4 4 5
28) Сергей Кузнецов: 4 5 4 4 2 2 2 3 5 5 3 2 4 2 3 3 5 2 4 4 4 2 5 2 5 2 3 2 2 5 2 2 5 2 3 4 2 3 3 4 2 4 4 2 4 2 5 2 2 3 4 5 5 4 3 5 4 3 2 4 5 2 4 3 3 2 2 2 2 3 3 2 3 5 4 5 3 2 4 5
29) Екатерина Кузнецова: 5 5 5 4 4 4 5 5 4 4 4 5 5 4 5 4 5 4 5 5 4 4 5 5 4 4 4 5 4 5 4 5 5 5 4 5 4 4 5 5 4 5 5 4 4 4 5 5 5 5 4 5 4 5 5 5 4 5 4 5 4 5 5 4 4 5 4 4 5 5 5 5 4 4 4 5 4 4 4 4
30) Иван Кузнецов: 3 2 2 2 2 2 2 2 3 2 3 3 3 3 2 3 2 3 3 2 2 2 3 2 2 3 2 2 2 2 3 3 2 3 3 2 2 2 2 2 3 2 3 2 2 2 2 2 2 3 2 2 2 3 2 3 3 2 2 3 3 2 2 2 3 2 2 2 3 3 2 3 2 2 2 2 2 2 3 3
31) Екатерина Петрова: 2 3 2 3 3 3 3 3 3 2 3 3 2 3 2 2 2 2 3 2 3 2 3 2 3 3 3 3 3 3 2 2 2 2 2 2 2 3 2 3 3 2 2 2 2 2 3 3 2 3 2 2 2 2 3 3 3 2 3 3 2 2 2 3 3 3 2 2 3 2 2 2 3 2 2 2 2 3 2 2
32) Иван Иванов: 3 5 5 4 3 2 2 5 4 2 5 3 2 4 5 2 5 5 4 3 3 2 3 5 2 3 3 3 3 4 2 4 4 3 3 4 4 4 2 3 5 2 4 4 4 2 2 4 5 5 5 5 2 3 5 3 4 3 5 3 2 5 4 3 5 3 5 2 3 2 2 2 4 2 3 2 2 5 4 4
33) Елена Кузнецова: 4 4 4 4 4 4 5 4 4 5 4 5 5 4 4 4 5 4 4 4 4 4 5 5 4 5 5 5 5 4 5 4 5 4 4 5 4 4 5 5 4 5 4 4 4 5 4 5 5 5 4 4 4 4 5 4 5 4 4 5 5 5 4 5 4 4 4 4 4 5 4 5 5 5 4 4 5 4 4 4
34) Валентин Петров: 2 5 2 4 4 3 4 2 2 3 5 3 4 5 4 2 2 3 5 2 2 5 2 4 4 3 4 3 4 4 2 3 5 5 3 3 5 2 5 2 5 3 4 4 4 2 4 2 4 3 2 4 5 4 5 2 2 2 4 3 2 3 4 4 2 4 2 3 2 3 2 5 2 3 4 4 5 3 4 5
35) Елена Иванова: 4 4 3 4 5 5 4 5 4 3 3 3 3 2 4 3 5 4 3 4 2 3 5 4 2 2 5 2 2 4 4 5 4 3 4 2 2 3 5 4 5 3 2 4 4 5 2 2 3 5 4 5 4 5 2 5 4 3 5 4 4 4 2 2 2 3 5 4 3 5 5 5 2 2 5 2 5 5 5 3
