26 79 91 53 29 85 12 61 15 38 
88 9 83 45 21 32 74 47 72 5 
3 43 1 35 41 91 70 43 2 73 
48 0 97 0 55 73 62 87 29 39 
58 52 24 51 80 67 73 31 41 35 
30 27 79 30 1 5 7 18 29 5 
46 28 3 68 37 66 23 25 72 26 
99 0 7 98 37 25 75 7 21 87 
65 91 7 18 16 70 2 49 8 71 
83 72 28 92 93 80 71 3 6 36 
82 80 8 86 7 95 14 94 98 36 
66 3 97 50 71 40 5 55 76 85 
20 19 37 99 31 93 42 49 55 73 
88 23 15 24 85 79 81 48 91 97 
9 85 35 55 85 61 81 43 36 21 
8 94 44 91 99 45 91 82 97 87 
19 37 7 23 44 46 37 52 91 26 
4 71 99 86 32 79 60 32 95 38 
39 77 77 87 14 50 93 59 55 77 
73 89 55 61 8 80 10 96 36 43 
45 17 83 6 29 62 19 92 10 46 
68 4 46 95 43 30 40 84 17 55 
58 7 54 56 67 52 3 56 62 45 
36 18 46 28 41 29 14 67 75 9 
28 8 9 64 52 63 1 69 37 29 
97 51 15 37 21 43 59 89 45 98 
98 31 40 45 62 27 2 2 83 31 
34 91 80 78 45 31 24 35 17 73 
84 51 9 38 38 80 31 66 33 22 
90 25 61 68 41 84 88 33 94 96 
32 9 63 4 29 18 77 99 73 11 
66 54 43 1 37 91 49 0 50 71 
29 91 46 3 44 90 74 19 8 10 
60 6 86 9 37 75 3 78 92 22 
56 59 19 35 91 16 24 78 44 55 
11 80 16 18 45 3 98 53 93 22 
2 37 28 18 26 46 95 22 43 68 
97 23 56 36 78 67 56 75 8 94 
27 97 62 47 10 55 3 5 71 88 
0 49 1 61 29 25 42 13 50 49 
98 1 39 31 22 41 91 31 87 76 
42 70 38 21 19 31 45 9 34 77 
55 42 63 42 33 39 80 20 28 91 
63 43 81 67 64 7 72 65 69 34 
58 7 1 99 23 35 37 78 92 14 
30 84 34 49 78 10 49 21 39 79 
2 32 89 80 39 19 25 48 3 49 
57 90 6 72 23 36 25 1 44 28 
61 1 40 45 93 10 64 7 74 84 
90 56 74 73 44 83 35 68 96 38 
24 37 94 20 23 97 41 36 85 70 
76 65 6 73 26 90 18 34 37 64 
11 25 96 14 78 14 25 36 8 79 
57 4 82 80 58 15 41 62 60 37 
38 36 27 36 84 22 14 78 33 85 
58 41 73 60 66 66 24 76 94 86 
97 54 57 77 0 3 0 56 53 28 
34 95 68 59 12 54 74 38 41 36 
25 51 87 13 82 8 69 24 27 49 
83 19 90 19 14 94 10 39 45 26 
11 26 63 69 0 67 96 36 45 53 
90 43 7 38 43 0 26 74 30 97 
13 96 3 3 96 93 38 27 32 66 
68 93 80 75 92 93 14 50 20 22 
18 98 69 61 67 98 14 96 71 3 
56 32 17 68 73 64 15 16 32 77 
2 70 59 29 18 56 52 5 33 29 
73 24 49 31 7 81 97 81 93 41 
76 45 5 80 10 33 53 41 7 4 
23 48 46 51 35 33 53 21 98 34 
29 15 98 91 61 86 75 79 95 17 
52 53 20 55 75 19 82 17 33 70 
61 93 81 57 3 1 12 97 92 88 
67 6 33 70 12 61 42 75 45 67 
45 94 37 89 39 67 96 48 74 82 
50 21 66 29 99 3 60 69 59 76 
81 91 32 51 43 52 45 66 2 48 
85 1 32 42 32 40 15 4 90 29 
46 54 38 35 53 35 39 9 59 6 
21 86 82 58 10 44 1 82 68 68 
37 34 94 82 36 52 25 84 88 61 
72 28 11 59 20 9 10 67 94 26 
73 11 40 79 74 12 83 54 15 99 
17 9 96 79 33 6 63 18 28 81 
43 84 69 62 88 30 29 77 65 15 
33 79 99 74 72 1 69 87 21 17 
19 19 14 10 53 76 28 13 26 40 
48 53 77 40 92 58 13 35 80 83 
95 59 88 98 20 8 94 70 87 5 
71 93 41 16 36 87 22 10 28 53 
7 6 18 39 39 13 8 89 98 4 
83 48 68 2 29 82 79 72 4 4 
95 43 71 54 50 97 59 8 59 87 
2 11 17 13 37 12 58 36 21 9 
64 21 47 4 38 22 93 43 26 92 
87 68 31 57 5 93 86 4 60 59 
1 24 47 86 86 82 99 85 35 63 
80 98 82 30 62 17 54 30 53 81 
92 9 22 85 37 74 59 80 41 14 
38 68 28 65 25 19 53 70 9 45 
11 95 22 37 69 64 44 1 94 48 
12 47 97 43 58 55 52 52 79 64 
57 60 39 23 52 74 5 59 24 65 
86 76 13 12 37 14 68 29 74 21 
8 33 40 30 13 81 51 38 6 93 
63 14 73 97 12 63 24 11 5 16 
29 56 15 87 79 72 89 61 32 23 
42 14 90 64 52 87 72 34 92 82 
6 88 53 88 6 17 40 72 19 56 
60 81 90 53 37 29 96 31 99 11 
90 97 66 69 3 6 21 64 2 88 
93 24 31 7 92 64 23 66 58 83 
39 65 89 60 57 89 44 81 94 46 
38 23 87 92 45 89 58 67 62 4 
43 83 35 20 62 70 20 5 27 7 
9 30 60 7 70 62 17 86 26 9 
16 79 79 0 61 74 21 28 66 18 
90 86 28 8 36 38 23 5 25 68 
90 0 14 45 8 39 9 57 26 9 
42 79 35 5 65 23 80 0 8 62 
9 64 92 41 54 96 7 3 17 52 
81 54 25 28 98 25 36 39 84 43 
47 15 23 70 95 86 47 3 37 87 
50 64 53 56 96 76 74 52 20 66 
39 97 45 1 12 77 75 14 55 52 
27 73 60 60 23 35 17 31 39 97 
80 61 36 22 89 57 59 90 71 32 
98 75 82 77 36 68 15 11 7 84 
15 36 6 55 95 7 98 11 22 61 
70 6 12 43 13 55 72 66 26 90 
44 58 9 12 95 59 89 31 39 44 
21 33 77 67 10 20 71 47 51 71 
24 47 33 6 80 79 69 40 71 22 
85 30 65 83 48 90 72 13 11 42 
34 3 40 4 92 61 54 88 83 70 
13 17 72 74 22 39 48 26 54 87 
0 26 65 66 78 88 63 29 18 42 
72 66 74 0 55 22 68 65 50 84 
58 90 96 72 97 14 6 27 70 1 
3 61 39 20 15 76 24 65 70 53 
68 47 29 78 64 57 16 62 61 18 
82 3 33 85 79 65 12 93 32 59 
1 52 11 67 20 34 50 50 67 37 
44 63 94 47 4 75 60 19 82 26 
96 89 39 98 24 54 32 28 96 52 
75 13 53 93 86 6 26 23 23 49 
37 28 67 56 94 54 18 89 18 21 
63 45 55 92 54 50 68 58 33 19 
13 22 94 95 99 69 60 45 41 40 
54 31 31 41 52 74 87 29 48 86 
31 2 0 57 4 68 72 56 61 24 
72 78 35 92 96 42 52 4 32 68 
66 4 17 73 56 97 69 47 63 83 
61 59 88 75 92 96 23 68 48 87 
55 97 84 13 29 54 99 76 74 19 
53 74 67 74 58 14 65 71 17 91 
49 96 28 33 23 60 56 92 38 42 
37 61 43 54 48 24 87 29 14 76 
82 88 67 30 77 70 70 95 36 97 
40 29 89 75 36 70 41 49 41 3 
95 71 33 78 98 45 1 56 65 91 
92 81 70 22 27 87 86 44 33 0 
70 58 50 17 23 93 7 76 55 84 
56 52 16 98 34 51 19 66 62 71 
66 70 1 17 42 56 19 88 91 69 
66 23 84 76 11 73 30 27 3 42 
16 45 5 82 32 15 8 77 42 87 
42 0 42 18 38 92 32 35 30 22 
39 67 38 68 70 37 90 82 35 84 
95 49 33 31 13 72 53 67 48 94 
73 68 19 49 77 60 85 51 18 20 
21 69 98 50 39 94 20 22 45 58 
96 28 12 91 23 24 67 24 95 64 
64 46 99 66 6 20 48 0 91 16 
93 51 32 1 95 20 6 90 57 26 
81 75 90 67 71 66 51 67 38 96 
66 39 31 45 85 79 29 35 89 85 
23 43 50 79 87 86 66 86 63 25 
28 7 18 79 75 25 13 93 73 50 
28 54 41 89 90 42 69 93 99 44 
50 87 85 45 58 43 54 14 7 19 
24 19 39 25 52 94 23 50 9 24 
9 59 68 30 53 89 84 50 79 22 
59 50 88 56 74 91 32 34 1 83 
55 53 52 7 8 75 77 85 91 14 
99 49 39 31 86 93 77 46 38 93 
3 93 63 72 16 92 37 39 28 37 
92 49 40 93 10 56 70 54 38 49 
22 11 7 79 35 35 7 53 38 77 
62 0 29 50 75 9 46 65 28 99 
51 63 90 12 97 53 95 6 0 27 
33 2 64 28 65 54 66 47 26 68 
74 29 46 24 84 35 9 0 7 5 
99 86 8 93 67 21 36 19 5 67 
99 88 29 98 13 40 7 33 68 35 
78 52 68 11 87 39 58 13 55 16 
16 73 12 76 41 31 85 50 14 85 
2 21 56 36 96 39 88 5 56 30 
24 51 68 49 76 59 53 59 76 94 
81 67 79 5 46 16 57 83 9 33 
16 62 38 11 14 32 39 52 64 45 
67 92 15 59 61 12 98 66 41 45 
2 60 22 21 1 61 54 17 89 51 
98 47 74 65 24 23 93 26 20 85 
34 12 99 45 75 65 61 2 7 21 
98 76 70 90 71 3 1 53 59 76 
69 66 19 61 97 56 65 41 20 32 
41 14 57 9 11 35 6 77 11 16 
98 20 22 38 63 64 41 19 25 52 
57 91 37 51 48 42 82 4 30 82 
9 19 87 18 25 89 44 37 64 7 
51 25 36 32 23 32 68 10 5 62 
58 55 68 92 94 0 89 0 3 70 
51 10 75 12 72 82 16 43 18 19 
85 87 87 84 1 26 82 29 44 13 
31 12 63 9 22 32 50 47 8 6 
87 76 5 83 7 12 0 84 42 13 
53 33 8 51 25 27 65 77 98 26 
76 97 73 81 8 65 35 48 84 47 
65 44 7 82 93 49 31 51 30 77 
10 30 40 62 14 58 4 80 24 33 
3 9 9 7 91 75 65 30 78 87 
81 94 32 46 75 0 37 74 68 32 
70 11 37 32 36 75 22 91 76 14 
30 66 88 24 25 11 13 73 75 87 
40 89 3 20 31 18 90 21 61 5 
19 51 42 22 81 9 48 27 48 51 
85 6 74 98 0 56 76 84 9 70 
83 24 55 57 82 26 69 84 73 53 
2 91 81 43 92 44 50 51 27 3 
36 1 6 40 83 10 13 10 40 57 
56 43 34 15 52 80 11 65 57 95 
26 95 10 30 92 44 52 98 53 20 
61 76 38 79 96 86 47 97 26 68 
77 37 70 96 79 99 39 17 79 50 
85 72 1 41 62 11 75 31 53 74 
99 76 85 58 22 70 15 13 7 40 
0 96 42 25 84 74 16 66 33 64 
24 93 18 68 36 24 3 14 21 34 
55 33 10 81 10 99 37 73 78 10 
5 5 85 63 45 94 81 33 91 5 
4 31 35 92 83 3 53 78 87 56 
37 24 26 56 21 87 94 82 27 15 
96 57 16 73 25 37 34 32 78 87 
54 52 0 36 14 74 0 75 66 8 
71 44 74 13 28 74 33 35 84 7 
51 48 6 37 23 52 99 25 47 98 
32 67 51 64 42 43 43 29 79 31 
39 59 17 22 63 81 17 10 37 33 
90 95 89 62 54 76 39 58 18 60 
29 18 53 42 5 7 16 89 68 12 
82 90 3 32 53 80 15 65 30 40 
70 34 19 27 8 84 90 17 75 6 
94 69 67 74 11 2 10 49 74 34 
92 89 52 4 28 80 87 81 86 70 
48 30 47 78 85 3 67 67 47 8 
25 88 42 77 65 24 50 16 10 80 
80 5 28 15 47 70 88 22 69 14 
19 34 43 57 12 63 1 44 24 53 
87 54 67 73 47 84 41 55 85 44 
59 59 9 95 40 54 1 74 30 72 
63 79 65 4 5 73 42 98 32 48 
75 24 80 80 40 69 83 64 61 28 
19 11 8 51 53 1 21 34 65 39 
18 92 51 79 92 20 26 11 10 83 
70 86 79 27 12 28 79 30 8 37 
82 56 11 19 36 76 45 43 44 58 
27 80 59 16 98 50 41 67 94 31 
35 65 79 25 58 97 23 53 6 54 
83 8 32 77 62 1 72 96 74 54 
60 21 98 59 36 44 41 30 13 35 
3 52 82 17 67 15 92 96 28 61 
63 68 94 7 27 25 85 62 19 42 
47 24 87 53 18 64 35 12 78 60 
61 67 3 80 81 7 84 9 50 55 
81 19 92 58 48 30 16 48 78 94 
1 78 59 17 39 88 57 6 65 17 
40 0 11 93 83 75 71 61 47 76 
40 64 69 86 21 96 19 66 6 66 
46 68 71 93 4 51 33 31 59 95 
26 87 20 7 52 45 66 28 31 86 
4 43 3 31 82 97 82 47 25 51 
36 17 5 63 24 95 43 90 23 83 
80 53 89 91 9 62 33 65 50 72 
30 10 39 22 22 25 87 83 25 74 
18 13 81 57 2 40 72 59 19 48 
2 39 75 78 41 35 76 44 67 29 
63 95 37 73 89 1 2 45 82 74 
28 4 68 7 23 49 91 83 92 39 
78 79 57 40 95 92 35 88 44 93 
94 72 58 72 57 25 28 85 77 69 
32 70 62 64 33 43 75 93 2 64 
50 71 79 9 58 70 79 39 48 92 
27 85 90 10 6 71 43 86 38 47 
38 94 46 78 6 34 8 47 0 61 
24 28 28 25 9 70 11 93 39 36 
80 74 52 30 24 68 5 8 48 19 
9 57 59 9 88 7 93 39 86 21 
22 98 59 33 41 92 39 66 1 60 
11 19 83 4 85 98 7 7 77 97 
26 27 62 42 28 79 93 96 14 24 
36 72 5 55 65 48 80 39 87 7 
97 27 47 9 33 70 56 11 12 45 
85 72 24 26 39 31 9 37 72 37 
64 68 0 94 79 82 29 85 32 81 
89 7 87 18 97 3 1 64 82 69 
40 82 97 29 3 44 20 23 66 31 
20 59 64 88 53 67 90 70 74 34 
9 92 9 5 90 54 92 36 69 55 
52 97 64 80 77 65 95 25 32 65 
33 17 7 12 18 32 62 52 84 61 
68 76 5 99 29 73 53 10 46 67 
68 98 64 99 72 34 58 94 39 98 
17 35 87 14 86 85 33 77 94 82 
28 60 9 58 82 66 50 81 20 0 
80 94 46 79 95 83 12 99 93 47 
11 3 7 48 81 31 54 55 77 71 
75 53 70 51 73 28 89 23 28 25 
93 14 61 2 60 63 15 14 73 24 
20 83 48 73 91 85 51 14 68 9 
65 81 39 2 29 41 27 88 5 8 
35 24 72 46 19 69 70 18 98 84 
82 40 50 84 0 97 48 83 48 58 
80 12 31 54 98 69 19 27 53 3 
30 86 56 68 43 14 98 10 20 88 
27 15 11 30 98 43 83 28 92 40 
37 9 21 84 5 60 43 24 78 65 
72 52 15 92 59 41 4 61 49 35 
10 4 14 18 43 90 39 33 48 24 
98 9 5 44 66 82 96 46 38 65 
70 86 16 37 33 92 24 9 70 3 
55 69 56 15 47 7 54 21 73 71 
27 70 61 41 30 27 14 51 72 30 
75 88 50 43 97 8 63 61 53 76 
1 30 1 1 16 1 21 79 5 67 
96 18 79 20 77 42 57 20 37 32 
30 49 94 99 36 28 24 28 65 30 
51 97 79 90 95 72 12 51 94 5 
2 97 23 10 11 59 35 8 48 98 
73 49 80 96 43 82 47 6 74 34 
44 9 85 12 63 31 98 58 53 69 
22 50 28 22 94 39 89 21 85 20 
4 92 78 56 45 49 81 84 12 40 
61 98 77 53 66 1 22 1 26 19 
16 62 34 8 13 73 43 3 56 62 
21 40 27 30 48 28 0 47 49 69 
59 57 18 38 58 30 23 46 91 45 
52 99 63 12 55 18 52 11 48 52 
0 72 80 34 5 49 35 43 65 86 
71 32 88 48 70 68 99 66 66 30 
18 90 16 87 14 83 51 29 48 37 
27 69 92 14 22 77 21 13 75 38 
94 84 55 40 64 2 30 0 76 70 
15 5 57 98 74 44 29 51 4 82 
52 86 48 16 76 84 96 6 97 79 
33 14 25 57 9 80 48 7 62 42 
2 83 65 22 75 46 81 47 3 11 
89 92 32 88 52 45 97 37 72 78 
73 48 57 77 52 48 79 79 67 55 
38 44 47 9 49 26 60 36 58 43 
50 44 40 49 82 78 34 49 55 24 
49 12 42 92 57 21 91 18 38 2 
10 45 60 62 10 72 45 82 84 46 
90 52 51 44 62 22 93 40 90 42 
29 69 15 61 24 62 23 43 60 43 
2 65 6 4 92 53 86 0 65 88 
16 44 54 95 38 6 39 18 31 77 
93 51 0 17 8 61 92 94 40 36 
5 95 5 15 3 79 70 34 65 35 
26 57 22 70 47 27 12 82 25 73 
25 36 21 87 58 44 41 75 9 46 
84 37 78 57 88 63 48 38 93 61 
11 74 43 35 45 66 53 13 92 35 
4 41 87 63 5 90 85 30 30 48 
99 19 73 31 32 36 87 75 28 17 
16 69 58 96 44 17 95 41 2 42 
86 40 8 80 72 29 98 54 31 7 
91 46 63 67 48 36 68 51 48 94 
49 51 9 43 80 79 92 26 72 6 
33 28 15 51 75 49 72 87 4 60 
20 18 88 59 30 58 37 56 23 37 
37 8 24 33 66 16 50 49 20 40 
74 30 62 91 55 51 87 56 82 19 
23 83 82 18 75 56 66 96 19 87 
58 94 20 68 98 45 62 96 97 90 
16 52 35 36 97 20 40 4 47 25 
98 56 92 54 60 62 91 23 3 46 
64 1 42 8 51 84 24 14 64 34 
58 37 34 41 85 12 81 98 82 64 
97 73 2 98 98 24 45 72 23 55 
73 96 89 58 25 24 30 73 0 54 
16 65 77 15 38 42 86 4 1 32 
93 60 4 31 60 32 97 84 64 71 
7 8 3 69 56 32 62 35 40 40 
43 42 39 7 63 68 65 89 49 37 
13 70 21 55 28 38 31 72 57 22 
71 99 70 2 79 14 55 61 77 33 
57 1 34 56 78 28 41 31 56 63 
50 79 13 15 50 42 0 56 13 49 
69 25 64 62 46 43 65 59 97 46 
42 31 0 55 44 19 69 45 73 67 
93 27 14 5 83 47 67 79 67 70 
19 62 65 6 7 80 11 97 50 7 
70 65 53 72 78 53 8 62 43 55 
8 38 14 18 74 96 77 99 88 92 
78 39 26 9 0 95 35 26 73 72 
24 64 66 31 37 52 27 84 93 81 
77 74 74 15 40 13 96 9 82 7 
53 13 66 98 56 19 25 58 13 26 
0 45 66 16 37 38 14 20 19 83 
74 49 53 7 23 8 3 39 9 15 
23 39 35 2 22 44 38 5 39 43 
65 91 55 94 47 90 15 2 65 84 
47 82 10 42 72 3 61 8 93 19 
31 79 16 10 6 24 25 40 77 9 
79 13 28 61 23 99 0 57 48 52 
98 74 63 38 31 96 69 72 76 30 
62 58 50 78 77 74 1 70 53 26 
7 18 32 47 46 92 71 5 58 45 
0 20 19 22 17 20 28 91 53 60 
97 7 89 53 34 52 91 90 59 67 
10 32 81 7 5 83 63 27 36 32 
5 54 28 4 84 44 13 46 9 70 
65 68 45 41 80 93 32 53 4 20 
29 79 88 54 28 23 74 72 60 29 
37 3 61 74 52 25 50 20 69 64 
9 7 32 16 84 22 10 18 36 23 
31 91 27 86 82 22 80 37 22 55 
57 80 65 44 62 88 98 94 91 23 
68 60 62 71 58 20 91 85 91 87 
6 44 92 50 53 29 60 15 56 62 
69 85 85 8 0 76 18 98 8 89 
20 33 28 18 34 16 12 51 30 66 
16 33 50 24 79 61 79 53 0 73 
15 68 96 23 89 27 83 12 81 3 
86 53 32 59 23 29 68 51 4 54 
79 7 31 57 42 60 52 13 81 89 
98 27 70 99 48 31 86 32 36 18 
51 27 37 96 45 66 21 25 43 95 
79 74 59 83 81 96 2 22 26 79 
72 84 30 22 28 82 10 12 18 33 
14 44 74 86 93 57 31 12 11 82 
47 4 40 31 32 29 88 73 86 4 
37 7 81 45 26 36 83 84 9 65 
93 21 19 50 13 82 42 88 31 79 
89 16 97 24 48 84 35 80 53 81 
21 81 30 55 85 62 26 18 75 53 
75 64 11 81 94 65 31 23 81 5 
98 56 78 81 95 3 48 23 24 70 
91 58 12 63 97 15 78 59 80 46 
96 46 3 95 21 13 2 83 76 84 
84 40 15 11 44 97 80 39 63 92 
3 6 69 10 39 89 34 57 31 99 
14 56 7 93 16 93 66 82 70 59 
47 84 93 27 28 55 10 0 11 87 
77 79 43 67 98 6 36 7 95 86 
20 68 6 64 91 66 48 81 56 77 
73 33 8 11 67 66 21 22 25 46 
31 27 64 93 12 66 47 57 77 82 
95 92 24 1 75 88 20 49 69 27 
38 71 62 57 0 60 78 55 93 60 
73 92 28 52 42 90 89 74 5 72 
44 37 85 85 75 17 25 46 49 57 
89 58 37 82 66 55 83 30 7 3 
99 47 66 20 40 38 43 3 27 43 
53 46 35 36 64 84 75 30 73 28 
98 90 44 60 64 9 71 91 92 14 
43 52 75 24 6 91 70 17 84 46 
32 84 13 93 27 97 91 57 55 13 
92 15 44 19 57 24 94 51 96 46 
69 62 90 13 52 29 14 90 36 35 
54 68 92 8 89 42 97 40 89 53 
81 13 72 59 2 14 70 73 92 33 
79 30 5 48 14 55 77 48 4 54 
94 1 11 79 14 36 79 56 92 83 
90 61 75 7 82 93 43 19 65 94 
30 91 20 21 14 54 36 97 78 42 
65 60 78 89 67 22 15 14 76 15 
99 13 86 50 66 69 61 70 54 84 
19 12 33 29 63 43 33 33 42 92 
73 39 49 2 5 77 48 93 70 75 
78 4 65 12 54 68 13 80 3 93 
97 90 19 5 41 4 61 69 7 99 
99 85 22 29 40 70 60 14 43 43 
3 87 59 22 30 50 24 93 29 51 
56 11 99 72 26 19 86 78 19 2 
17 43 29 52 70 50 56 35 23 4 
3 75 5 0 6 3 53 68 78 6 
10 28 68 30 10 73 41 94 91 24 
81 39 9 63 72 70 94 37 89 6 
35 18 46 36 20 90 14 48 14 42 
85 41 45 1 14 96 58 16 9 33 
77 71 1 75 17 26 88 43 39 95 
64 67 43 10 64 79 85 44 54 88 
45 19 52 40 15 24 92 20 56 22 
19 11 33 8 21 86 90 0 76 86 
4 52 89 25 56 5 49 33 62 2 
56 13 71 2 80 76 51 45 19 21 
14 42 93 54 52 78 20 88 67 2 
71 25 28 19 7 66 90 70 96 19 
90 0 23 10 16 47 22 92 70 98 
7 53 4 81 78 30 86 59 42 77 
43 82 37 86 25 69 82 94 41 24 
97 22 88 53 55 96 66 41 66 14 
47 41 90 44 20 95 76 64 76 58 
2 55 92 91 0 57 86 36 91 33 
82 39 12 6 3 90 44 68 51 63 
93 68 99 80 97 62 79 60 13 38 
95 10 52 45 54 5 92 62 81 92 
53 94 61 69 42 3 59 65 41 86 
94 89 22 38 48 78 54 68 46 83 
25 72 55 22 58 44 81 5 44 57 
32 14 79 73 6 14 94 84 99 10 
35 39 86 0 99 31 35 79 9 46 
34 18 13 37 76 48 51 73 77 15 
61 20 4 25 43 13 42 79 72 27 
55 86 24 44 43 38 32 62 68 1 
47 15 48 94 81 3 30 47 59 22 
81 72 10 68 93 27 55 85 32 5 
7 50 79 7 76 67 6 80 45 88 
54 50 63 39 65 14 64 95 12 59 
6 68 48 12 2 80 87 68 5 4 
99 65 20 2 90 39 3 58 21 65 
73 76 54 73 16 32 19 33 35 15 
45 4 11 22 5 4 20 1 24 77 
32 53 13 63 51 18 16 66 75 91 
48 45 8 89 61 86 45 46 81 79 
0 75 1 45 16 74 98 30 96 16 
21 45 57 16 40 78 82 63 65 88 
96 91 56 87 83 34 94 98 5 90 
66 86 42 97 14 96 83 83 60 1 
35 30 31 5 47 52 63 16 98 77 
30 30 44 56 15 81 64 54 48 70 
45 0 72 93 77 15 27 95 24 14 
57 11 1 45 93 29 46 66 29 11 
45 7 29 12 55 71 67 27 15 3 
27 48 69 23 69 21 95 1 36 78 
36 52 21 83 98 7 18 82 24 74 
24 24 11 49 96 48 95 63 4 70 
93 38 83 36 32 38 63 9 6 54 
65 61 29 68 93 99 21 42 47 77 
73 68 61 30 60 22 0 11 70 36 
72 61 75 52 27 40 81 32 50 94 
4 60 16 33 52 64 4 43 32 90 
43 53 67 80 36 13 78 29 96 58 
39 92 21 96 73 67 48 8 7 91 
39 74 66 20 53 76 91 93 42 41 
22 60 42 51 37 49 70 35 62 38 
92 48 20 4 80 56 44 31 33 38 
24 15 0 13 34 84 74 50 12 69 
62 85 26 33 51 95 92 58 47 37 
78 37 54 58 67 4 11 63 31 60 
78 86 82 48 86 5 8 23 3 65 
64 23 6 57 73 43 43 2 37 74 
16 34 50 79 22 4 64 24 50 52 
41 65 47 1 69 80 55 6 16 54 
87 61 92 85 26 36 39 89 63 14 
91 38 1 26 66 60 70 10 93 63 
87 51 16 58 53 26 57 44 52 62 
36 58 11 50 14 43 52 69 63 10 
18 69 3 71 21 45 89 21 1 26 
63 2 51 92 86 97 14 82 70 27 
90 0 62 12 68 0 7 88 9 85 
63 37 25 72 57 55 54 30 43 95 
72 98 84 69 56 29 83 26 9 77 
88 81 85 25 37 41 95 43 37 13 
77 1 51 33 3 64 21 40 22 74 
5 2 24 85 17 90 51 82 20 0 
37 50 89 48 65 34 77 6 70 98 
13 31 96 80 95 40 84 92 61 40 
0 34 19 54 11 11 25 11 95 37 
57 51 20 81 68 35 4 74 59 51 
20 90 23 13 18 90 43 10 6 72 
57 21 48 32 33 9 77 37 22 56 
90 7 3 28 92 93 11 50 21 33 
25 91 24 37 64 91 35 0 10 58 
78 36 28 90 71 79 59 43 84 52 
89 87 76 40 80 63 68 17 91 33 
91 36 80 5 50 98 62 48 86 47 
21 12 99 72 92 6 96 19 40 54 
29 47 45 62 32 24 21 15 20 59 
57 44 37 87 2 18 17 70 58 19 
79 1 27 38 30 1 97 59 20 94 
15 99 34 83 51 7 20 84 47 81 
65 35 37 51 68 19 92 99 35 82 
32 75 64 74 52 73 47 71 20 95 
2 55 36 1 5 42 16 38 4 71 
74 97 4 32 59 11 71 94 30 54 
4 76 18 64 16 41 31 23 69 23 
44 18 20 16 68 30 79 32 40 16 
56 8 48 54 61 36 5 62 53 82 
35 99 26 6 3 81 79 32 27 68 
54 85 99 46 63 40 36 15 86 4 
56 96 30 24 57 89 91 39 39 48 
46 17 58 43 74 76 95 18 32 82 
80 51 77 29 39 39 53 3 78 84 
14 90 39 5 9 16 85 5 18 68 
10 93 29 42 82 25 95 75 44 8 
93 38 95 80 23 71 95 61 6 47 
35 53 40 87 31 90 59 21 69 70 
70 28 41 29 95 30 63 51 76 71 
3 95 28 38 89 39 99 58 65 21 
62 71 39 45 85 62 78 2 88 2 
34 8 41 89 53 24 20 50 65 13 
12 51 9 8 91 74 27 33 67 10 
52 75 45 38 7 34 89 90 89 41 
15 12 4 63 75 11 81 73 23 11 
60 44 57 77 21 87 3 93 1 93 
11 15 69 10 25 27 68 57 8 82 
2 98 65 9 27 59 98 66 14 64 
89 0 56 1 9 43 66 5 35 92 
28 60 96 28 19 71 27 41 47 8 
42 21 59 64 29 84 35 63 2 19 
53 62 28 1 24 80 0 52 82 37 
53 76 18 41 89 22 21 13 83 76 
16 72 71 43 48 92 71 99 57 50 
54 71 75 64 15 21 58 89 82 72 
77 5 81 66 11 46 25 85 77 51 
91 96 3 37 65 45 55 67 39 66 
20 66 25 12 88 40 63 52 85 76 
27 43 70 1 64 94 25 82 15 13 
59 92 72 73 43 66 92 75 58 14 
42 10 5 52 33 82 93 91 32 47 
53 23 86 55 77 12 98 13 98 94 
66 35 96 74 80 61 12 53 88 86 
56 25 22 55 62 57 37 66 88 94 
9 39 78 4 9 31 9 0 24 21 
13 47 57 58 76 1 23 67 65 48 
94 87 53 89 56 60 7 97 93 16 
77 74 95 8 39 87 2 63 42 53 
69 54 37 34 8 45 3 74 23 6 
1 58 18 23 42 87 81 74 96 33 
75 29 21 2 63 15 95 78 40 5 
68 18 54 81 62 39 14 99 35 64 
10 31 73 84 7 60 70 18 29 56 
20 1 23 79 25 7 22 59 22 18 
32 12 17 24 25 35 35 41 70 90 
89 17 29 96 19 18 39 98 18 73 
60 53 1 47 76 79 28 7 2 21 
27 57 81 0 20 14 47 90 79 23 
61 49 44 26 93 85 36 75 77 83 
82 61 59 93 99 13 71 87 72 74 
38 52 49 83 37 98 3 79 17 13 
18 99 26 37 41 94 2 12 23 13 
22 81 47 18 32 91 68 38 1 90 
4 87 10 94 16 43 43 18 19 83 
82 78 82 46 59 33 17 58 13 85 
9 9 33 83 44 28 37 79 95 6 
16 39 42 81 58 48 81 35 50 41 
26 21 49 62 51 76 3 93 18 94 
82 52 35 83 72 39 41 85 24 61 
90 22 26 41 1 66 58 66 46 63 
10 5 17 97 91 28 41 32 9 39 
66 42 87 65 96 20 15 38 14 45 
96 51 59 83 83 97 61 5 77 3 
8 87 97 96 52 99 59 82 1 7 
37 4 25 67 23 64 4 41 30 99 
10 77 27 2 57 92 52 90 30 97 
26 93 29 17 31 94 38 41 0 95 
12 25 34 2 93 64 6 25 32 91 
26 87 95 23 21 97 62 0 33 88 
37 57 22 69 31 18 19 72 67 27 
53 37 53 33 43 39 14 69 27 34 
64 56 78 81 22 53 59 31 57 32 
23 3 74 12 15 18 39 38 86 60 
73 81 62 41 96 84 98 6 95 84 
37 60 11 74 97 70 3 29 42 33 
66 6 31 81 91 57 92 18 33 89 
42 33 96 86 87 51 96 86 26 99 
49 44 25 74 12 12 79 58 69 62 
69 15 4 2 22 64 94 39 61 83 
66 82 2 9 6 40 0 77 64 37 
75 85 14 34 31 41 96 50 79 44 
54 75 67 95 65 77 70 17 2 17 
26 75 14 76 22 48 26 87 44 66 
79 82 46 74 34 63 5 78 40 56 
40 93 70 26 11 49 70 42 17 49 
75 52 81 4 95 51 41 61 69 52 
70 74 50 27 9 97 20 98 40 24 
58 28 54 16 71 76 82 2 24 29 
64 21 63 62 67 27 87 96 50 10 
78 74 20 55 66 95 51 86 64 35 
97 98 56 43 57 88 56 45 18 31 
45 10 38 59 19 69 50 20 60 17 
48 76 26 11 19 11 32 85 1 5 
9 62 0 58 66 18 21 90 37 48 
98 89 73 81 14 28 46 17 41 66 
48 5 39 41 51 95 53 30 26 16 
54 36 87 88 4 58 8 98 70 78 
30 92 47 90 76 32 78 4 89 78 
94 97 83 74 38 5 60 71 43 46 
51 19 8 53 48 77 46 65 57 85 
30 53 62 54 32 68 73 19 58 3 
9 47 38 6 29 23 84 97 34 18 
3 76 19 20 50 70 54 79 19 57 
35 77 66 65 99 71 28 89 60 62 
69 55 4 44 63 78 41 81 59 91 
13 69 1 69 20 57 67 98 88 64 
55 21 6 95 49 60 44 1 51 29 
76 95 57 77 28 1 14 18 14 50 
64 57 1 97 91 51 53 92 37 9 
46 55 49 10 37 65 99 28 12 29 
14 93 6 55 57 27 11 72 0 9 
11 50 2 47 45 12 96 46 15 4 
52 12 11 6 83 5 16 92 77 27 
42 43 96 2 62 79 82 8 23 48 
75 79 87 10 27 81 57 49 31 32 
57 91 89 44 18 18 97 13 42 30 
45 57 15 35 93 45 15 20 19 69 
92 88 48 18 89 18 71 79 99 14 
51 78 30 47 13 75 97 60 19 13 
5 56 3 15 59 90 23 34 22 39 
97 85 75 35 72 15 78 15 46 58 
84 75 68 84 78 85 12 83 95 63 
77 38 79 52 16 7 7 2 19 79 
10 26 67 16 37 30 71 73 95 62 
5 75 73 83 97 45 25 17 26 78 
48 13 11 88 65 46 25 68 43 11 
93 99 70 39 5 47 18 84 57 69 
61 2 48 36 76 19 97 48 43 74 
92 2 25 56 81 31 26 95 48 52 
35 67 85 96 79 66 41 29 3 77 
32 88 72 49 89 32 55 65 61 35 
57 17 31 4 99 92 65 38 81 59 
85 3 35 67 23 77 55 25 72 49 
86 45 70 50 22 61 52 24 30 0 
44 34 43 12 91 99 58 89 89 29 
74 94 35 53 43 38 97 8 55 70 
11 12 70 67 95 27 88 14 32 34 
41 89 15 93 64 37 18 57 23 4 
53 28 65 95 14 10 85 71 14 68 
60 9 8 83 6 0 20 98 97 65 
71 49 43 88 3 66 90 31 10 65 
54 55 0 5 97 13 64 14 48 13 
37 1 41 30 52 20 37 59 33 38 
24 98 97 6 86 76 75 43 42 40 
88 32 80 57 85 49 80 64 45 70 
61 30 18 95 8 56 36 19 22 11 
57 9 17 88 16 91 97 39 54 92 
92 42 92 30 42 64 49 75 43 5 
67 63 5 94 0 16 45 58 15 32 
43 84 96 67 96 14 25 85 29 84 
58 99 59 11 83 28 82 85 13 52 
37 35 24 15 54 55 64 25 24 5 
26 75 17 23 60 19 44 48 80 30 
59 69 6 18 16 91 94 43 73 60 
64 37 42 40 16 30 67 90 67 61 
11 67 97 80 99 73 94 29 76 71 
74 13 49 82 74 15 39 20 79 0 
87 2 47 24 52 2 69 58 41 3 
35 74 98 66 66 41 35 99 62 3 
72 87 48 3 57 29 24 90 76 87 
55 32 42 16 11 21 75 12 11 74 
58 29 27 36 46 61 0 85 94 52 
87 87 35 47 17 84 25 57 9 12 
30 85 19 60 74 73 23 15 45 9 
32 35 10 93 58 37 19 31 29 91 
8 94 10 33 71 42 0 8 50 58 
41 7 71 15 60 99 37 93 67 69 
22 43 96 76 16 4 3 6 51 4 
38 18 90 1 50 25 53 4 69 65 
32 71 75 72 44 12 87 82 57 98 
90 40 42 33 21 15 16 28 24 25 
44 85 77 13 76 79 97 10 85 64 
40 68 72 25 17 28 73 98 32 60 
31 56 73 68 86 98 45 84 11 50 
3 73 92 85 12 31 44 61 73 49 
47 73 63 50 25 72 70 60 91 87 
51 44 46 45 45 2 61 28 44 96 
6 89 42 6 3 92 50 41 68 21 
39 75 8 0 33 12 84 19 5 99 
46 51 91 8 46 30 37 73 13 97 
82 5 26 36 83 34 30 24 0 61 
24 66 58 57 80 99 42 47 10 18 
70 17 79 90 8 27 13 42 52 36 
31 55 58 51 2 64 65 68 82 66 
73 32 22 95 47 57 52 39 92 84 
8 71 33 53 51 31 73 15 41 29 
5 86 89 73 93 75 16 66 65 96 
72 7 16 23 5 63 69 80 24 97 
11 57 28 87 30 32 5 80 78 84 
90 8 41 51 21 97 14 0 66 26 
45 64 10 44 61 85 16 80 70 18 
73 4 17 91 13 67 81 60 31 68 
46 61 20 26 54 52 30 57 74 20 
57 72 8 11 0 35 92 40 72 18 
81 29 69 29 7 80 98 93 69 69 
83 71 44 62 79 1 39 74 39 53 
21 9 63 65 53 23 41 30 66 66 
5 40 65 1 90 7 2 15 34 60 
4 32 68 75 23 53 8 70 37 69 
28 93 64 90 39 98 18 92 49 35 
74 99 19 49 2 46 66 50 59 88 
49 94 38 1 64 25 9 37 69 84 
25 43 3 7 53 47 17 96 25 42 
70 26 69 1 81 45 91 13 87 11 
22 96 35 88 48 50 51 94 54 0 
32 9 55 31 56 96 98 93 57 27 
9 79 51 32 31 25 63 55 98 48 
37 11 31 22 5 83 4 61 96 96 
90 29 95 74 33 99 33 67 24 43 
95 24 96 93 82 28 82 20 20 55 
58 1 85 50 15 37 77 1 92 24 
45 78 24 78 80 2 75 38 50 32 
40 74 64 75 87 12 35 20 82 8 
47 35 61 23 81 48 48 62 65 16 
94 66 34 45 27 30 87 52 20 84 
49 34 41 65 3 29 66 46 96 91 
13 57 41 92 54 96 88 40 65 96 
75 64 14 28 25 46 53 35 42 82 
96 86 2 19 85 51 62 51 95 27 
93 96 21 58 99 94 9 91 36 33 
41 27 44 3 57 55 22 94 40 36 
21 30 83 20 42 62 30 28 26 48 
63 74 91 54 25 96 96 86 95 82 
97 95 50 73 64 48 68 21 83 27 
3 64 16 38 69 18 18 55 33 55 
41 30 77 48 4 32 30 22 61 40 
99 92 0 70 57 93 46 30 90 38 
20 58 18 46 35 27 3 31 88 44 
79 11 65 27 37 92 89 95 84 1 
63 28 68 31 89 29 2 92 96 80 
55 32 80 37 45 83 32 67 64 92 
25 93 94 28 8 2 70 53 11 45 
37 92 56 75 65 89 11 53 33 43 
56 93 33 43 64 28 65 79 81 69 
51 93 27 59 99 74 67 86 53 50 
74 72 76 27 79 97 99 60 34 47 
48 44 65 45 30 8 50 83 13 69 
69 49 44 92 84 89 41 69 74 7 
51 53 4 31 22 81 33 98 52 20 
79 7 54 24 78 72 5 28 92 1 
53 11 3 26 27 28 44 39 92 56 
92 36 30 86 43 91 49 43 86 98 
82 35 68 60 73 2 27 77 29 83 
7 93 17 70 38 66 64 92 30 96 
96 91 42 89 52 68 73 11 79 58 
66 37 6 55 58 55 37 58 35 30 
95 38 96 91 80 47 23 99 41 8 
61 16 3 61 65 75 84 20 17 61 
93 90 20 41 71 72 71 1 21 23 
60 84 34 38 87 44 48 56 20 54 
39 15 25 81 3 87 91 47 15 52 
54 14 2 27 48 61 19 96 11 57 
69 83 38 3 92 91 59 18 33 43 
26 3 43 16 7 36 20 42 95 37 
14 9 64 31 80 85 32 13 51 91 
23 97 30 50 38 18 3 96 66 77 
32 47 22 32 92 11 1 95 41 63 
98 17 59 21 77 38 37 3 96 68 
80 30 31 81 90 27 58 25 94 47 
50 46 17 20 62 41 56 72 72 0 
14 92 42 10 89 76 73 85 96 16 
4 71 83 87 8 29 1 39 0 63 
6 95 38 38 16 75 87 49 65 95 
46 30 62 96 68 23 13 69 16 11 
72 23 74 53 3 62 78 93 7 78 
89 66 92 67 48 5 52 55 11 55 
61 24 71 37 65 55 34 28 69 45 
3 58 78 44 30 78 10 6 54 66 
96 37 93 47 91 36 49 51 40 52 
45 33 51 51 10 94 52 40 40 56 
86 34 70 39 61 84 76 78 36 6 
71 15 76 91 1 43 72 34 76 30 
6 45 20 62 5 39 38 46 34 98 
54 46 19 56 79 9 43 55 25 28 
59 69 73 64 54 85 25 12 13 65 
49 32 66 3 62 18 25 14 97 62 
34 51 22 96 14 71 25 58 81 88 
24 43 53 0 90 41 50 86 40 5 
55 43 38 75 69 18 22 59 34 81 
78 73 66 19 11 55 89 27 65 99 
20 41 4 46 5 16 97 17 25 23 
78 79 16 71 42 35 16 28 55 78 
76 88 34 71 35 11 86 23 38 2 
55 4 59 46 94 98 33 51 30 39 
34 64 80 2 75 6 41 86 66 70 
60 1 19 35 85 98 3 35 55 27 
70 40 54 0 73 67 81 93 38 27 
98 43 97 85 47 68 59 54 66 48 
68 72 35 91 84 61 41 57 43 86 
48 62 63 55 6 38 63 72 8 12 
68 60 22 84 60 27 99 31 66 99 
2 51 80 89 43 97 24 89 88 99 
93 7 61 78 45 98 9 28 99 7 
52 44 49 6 25 59 51 83 17 31 
26 45 19 48 83 14 82 0 69 66 
74 95 3 33 35 20 27 18 84 8 
97 91 11 9 69 5 70 64 61 51 
19 48 92 16 86 69 53 50 56 44 
19 71 25 61 22 53 91 10 92 82 
38 63 29 64 67 86 95 88 75 29 
78 48 59 28 27 5 73 32 89 30 
70 49 36 48 24 38 54 44 83 7 
10 39 46 46 41 81 29 2 96 3 
32 62 9 45 7 70 25 65 75 93 
19 29 31 68 43 39 21 92 58 80 
74 43 52 44 6 12 31 67 72 45 
62 45 23 26 56 29 24 76 30 40 
8 15 89 87 82 64 25 66 79 82 
90 64 57 35 76 53 87 57 52 29 
14 88 91 66 99 51 20 10 4 19 
6 62 5 43 32 26 94 58 80 80 
28 94 9 3 6 71 53 68 34 69 
25 43 7 64 2 72 16 39 14 58 
56 50 45 7 26 31 80 63 33 42 
10 3 81 27 67 81 80 75 47 54 
16 50 32 26 11 98 21 15 11 53 
34 47 83 70 53 32 9 54 28 39 
64 33 14 1 59 54 79 67 59 87 
98 8 35 53 41 40 26 42 69 3 
37 15 0 43 15 65 54 7 59 63 
70 55 22 83 11 13 50 73 89 29 
54 54 49 41 43 53 72 32 85 20 
53 19 50 7 97 33 72 53 42 78 
52 85 19 48 93 7 6 35 86 27 
96 57 75 78 60 34 51 11 44 56 
28 32 94 64 89 10 15 93 26 19 
31 28 0 16 58 47 85 58 18 18 
20 26 65 74 62 69 7 13 58 50 
31 54 77 52 92 23 69 42 26 69 
32 77 18 75 33 37 66 64 61 56 
94 64 89 59 75 62 91 15 71 17 
35 67 42 26 88 17 36 79 47 40 
70 92 89 10 15 72 27 35 22 71 
42 15 24 64 2 35 50 96 77 93 
46 36 46 66 25 76 14 33 15 24 
26 83 88 70 23 22 91 15 49 85 
46 1 39 6 9 85 19 21 40 32 
70 57 24 84 64 48 14 74 44 59 
73 34 56 97 4 95 20 67 71 35 
37 98 35 96 71 85 68 5 32 51 
84 96 89 98 73 51 11 30 6 32 
56 98 19 38 77 33 78 91 13 92 
67 93 7 44 49 6 52 44 80 42 
55 15 50 12 73 87 89 40 99 11 
60 86 43 64 52 48 18 79 31 3 
50 30 17 64 79 64 46 76 38 82 
3 96 89 84 68 85 8 62 17 89 
5 62 28 21 22 84 44 83 79 17 
16 56 43 84 78 95 88 42 43 30 
47 73 98 19 14 66 35 64 77 37 
36 95 52 59 17 78 42 57 99 43 
41 57 74 79 28 81 58 32 58 22 
75 60 14 72 93 98 97 23 40 81 
90 86 71 39 24 36 18 53 5 7 
76 2 6 52 20 47 54 90 50 24 
54 5 34 62 95 58 50 95 22 56 
47 94 5 82 12 67 49 23 38 11 
91 83 99 66 80 53 52 2 14 15 
78 88 86 94 64 52 70 83 46 46 
61 79 89 6 85 70 60 50 97 53 
56 91 39 73 21 84 47 21 9 71 
6 93 91 73 29 72 48 55 27 41 
27 97 92 92 48 41 64 73 51 46 
13 70 31 77 18 73 26 95 36 44 
85 73 26 34 58 39 81 64 47 53 
19 7 51 50 80 49 30 73 40 22 
62 76 3 27 65 0 93 94 82 69 
10 80 89 85 54 52 66 62 8 80 
50 64 62 15 41 8 32 52 74 75 
75 9 94 54 99 72 65 78 77 49 
33 40 68 65 75 15 76 27 51 29 
31 98 31 56 72 98 5 50 86 12 
56 22 80 74 4 58 3 95 19 12 
47 61 2 52 43 71 44 34 26 8 
7 88 65 12 64 66 21 86 33 1 
78 47 17 92 15 16 71 52 33 64 
82 43 60 9 72 98 14 28 46 73 
43 74 75 24 7 47 47 24 83 66 
29 47 91 72 67 45 56 86 26 64 
21 26 72 72 24 34 89 33 99 25 
87 79 40 13 48 37 77 30 30 66 
75 7 23 42 17 27 88 71 22 58 
19 22 21 4 92 12 65 67 90 58 
15 67 34 44 73 19 62 96 27 79 
6 23 93 86 11 93 63 14 88 78 
31 29 71 89 99 64 13 78 10 44 
12 15 97 72 80 67 89 6 52 11 
44 71 43 75 5 76 36 88 24 57 
51 19 62 44 94 35 89 32 26 18 
82 81 7 20 31 1 90 45 59 45 
41 81 12 66 73 45 71 16 29 36 
7 31 91 67 58 7 86 87 64 73 
15 34 47 83 89 1 21 69 77 85 
92 20 0 25 39 54 62 13 33 87 
81 92 65 79 10 10 58 62 99 94 
91 54 63 26 96 80 32 66 73 55 
80 91 9 38 76 2 81 72 97 77 
33 29 54 28 73 14 74 45 95 82 
16 66 80 17 25 28 59 48 57 0 
26 42 9 98 42 29 27 73 50 69 
80 75 15 73 41 84 46 69 52 29 
55 29 31 11 36 75 41 78 84 28 
84 46 91 97 98 16 28 59 53 29 
19 78 85 74 98 64 30 30 64 59 
44 18 77 33 89 50 61 62 66 59 
5 87 49 39 54 58 87 40 88 45 
85 26 60 75 88 66 92 67 58 26 
95 1 71 58 69 35 87 70 67 73 
